-47.0404
-8.43131
95.028
-64.5958
-61.6398
19.3367
-7.76799
43.4515
89.5578
-1.69586
97.5676
19.2482
-95.7752
-94.2099
14.2227
41.2119
47.9133
78.4455
33.6599
-77.7798
-45.2483
-88.8918
-4.97446
-5.8932
-47.0865
16.7331
33.0809
-9.43014
-92.3807
-42.0222
-67.8839
75.9035
-89.7792
80.3778
-90.1478
86.37
21.2577
77.4359
64.6497
-31.7348
33.7325
-58.2562
88.5908
-54.1346
-40.6578
63.6817
98.8292
21.7387
-37.4614
-13.1613
-2.07223
-27.9028
37.8111
90.4516
19.4562
0.658371
65.2582
-5.84452
-28.8913
24.3341
-17.4787
34.7716
6.02699
95.7777
-63.7531
-98.455
66.0947
53.6753
-79.0599
39.9217
-36.1776
-36.5844
-74.2531
27.4571
72.2518
-63.6958
64.334
60.6392
-37.4357
18.0591
-80.406
16.3816
-73.7602
-87.1946
-79.7118
83.7404
24.9741
-60.7572
54.1664
-24.7996
-6.44399
95.7978
74.0017
-53.6699
-30.6206
-41.2314
23.8378
42.5669
21.2798
49.1368
41.4371
34.0744
87.908
69.2571
4.81078
54.6411
-47.1137
-40.3973
42.4132
39.3058
12.0638
-43.5923
-54.9981
46.915
-99.0268
56.6093
32.4932
-86.4741
30.3815
22.5348
-57.7541
-72.3761
-24.86
-22.6307
45.2324
21.1204
-28.9091
-74.6004
-8.5271
85.0061
97.3181
24.931
14.9577
-5.20705
85.1422
-15.9827
-21.9747
71.2703
39.9582
-22.7514
16.3276
17.5373
-50.3928
48.6598
25.9531
-6.87393
69.8285
7.27592
86.4272
-17.6736
-40.0255
91.4889
54.0853
11.166
67.0739
-88.9916
-81.5409
-57.1768
29.6718
93.7424
-71.071
-90.1172
0.52494
22.5573
-79.8015
-23.2035
18.4805
1.27014
-52.785
41.9384
59.1061
-3.92043
-90.6372
61.2755
56.3446
-15.7458
-40.3547
-41.931
65.114
-28.3062
58.311
33.6185
25.2476
-64.0488
-67.4967
-17.2828
-72.5606
73.9505
86.6629
-56.961
56.7259
-7.41295
10.5681
18.7514
-44.4153
-88.339
86.5459
-23.0451
80.6607
63.9035
26.7073
69.2929
5.30148
-98.1032
-19.7998
24.8147
61.1313
33.2115
-14.4858
-62.007
48.614
54.8647
-88.5281
-91.1776
-21.7818
-85.9785
-40.1311
-82.6113
-47.4217
-16.7219
-45.5908
-45.0095
-75.3998
-43.6874
-53.6232
-45.844
-99.9858
-61.4476
50.7053
3.58369
31.2111
-34.9433
-92.6252
48.129
-96.111
62.0277
-99.716
73.4231
22.6705
22.3287
78.6721
42.7131
79.713
-64.0837
-54.6654
39.0844
91.5049
-77.0069
-55.6636
61.4603
-37.3788
-25.4772
5.29809
45.0492
-57.6778
9.99643
10.033
25.1058
-46.4316
24.7187
46.8565
-82.5087
76.153
-96.8676
-54.5419
-85.8665
41.8869
-6.54357
22.254
22.6119
37.8638
-22.9304
9.3238
-94.8114
-95.8967
63.4129
-18.5089
-79.2735
50.8364
7.4032
25.4366
-87.8718
-60.627
41.7446
2.20792
-91.537
-62.9578
69.0463
60.5455
-11.173
15.4664
-56.4404
5.74429
-55.7331
93.0757
-77.0027
16.0619
-47.3265
-16.843
-80.4781
3.92208
-81.5918
87.412
-66.4194
89.874
-88.38
-3.2922
68.0021
-88.1325
-42.9446
30.6535
-6.47581
-38.8966
64.9309
92.9598
-24.1736
-85.7845
19.8116
-26.7951
55.3692
-9.59145
-3.33637
-74.4589
-30.8652
49.1969
52.0484
-22.8805
47.5577
-97.8577
-94.5894
35.4125
-22.8666
81.6272
-91.9975
-1.73428
51.828
73.1165
69.1801
-91.0247
-51.5551
-87.1255
81.3097
-27.3868
-90.0521
93.8233
88.6417
1.19832
-59.9446
-88.503
-70.3631
7.24136
-94.5304
27.0823
-27.5763
-74.7239
-84.1616
95.5975
-92.4234
39.9835
2.81677
-58.5968
-36.3419
0.910721
-93.4852
-5.53932
-99.4137
-46.5541
-35.501
-65.7245
-32.0076
48.5053
29.3422
-45.9183
51.7255
-49.2733
64.1469
-83.4278
28.9318
56.5475
-5.41326
19.2909
21.6101
1.44955
-37.371
-95.2057
78.0893
46.7582
65.4981
27.2166
29.4813
92.1516
-7.44635
49.2531
-2.95197
-13.7285
65.5493
87.5115
5.15224
-6.25884
7.54502
9.18428
-39.8969
52.8018
40.2758
-85.3883
78.4756
-60.7958
5.6453
80.5388
16.3798
94.7262
62.7477
-0.10215
83.1192
-15.5841
78.1832
24.3148
58.5315
-61.3517
61.383
64.5365
64.3663
4.3167
-49.2917
-44.7818
-48.2316
-28.8302
51.6202
-20.0222
87.1208
38.8832
-89.7464
31.4606
-40.9486
-22.715
28.1869
-63.4159
-30.7878
-50.9465
-57.6398
47.1458
-19.7116
-92.2511
-64.0016
-74.8232
45.591
47.9241
60.0721
31.1094
54.9324
48.3632
40.3868
-19.1374
-41.4847
-33.6022
48.4233
51.117
-76.7178
3.36591
-29.235
47.0851
-39.932
62.6075
44.1341
-38.3404
13.3771
29.0638
74.4451
-1.0145
-50.784
73.4656
-63.2281
-75.2677
-24.9148
56.7002
-39.2438
28.9544
37.2519
92.4456
-66.5373
-93.1026
24.3928
-30.5031
-66.3035
37.6037
5.26446
79.7897
25.5736
15.6009
4.25485
-88.6163
26.3359
27.3126
42.6807
-65.4203
81.7437
65.5856
97.9855
42.0105
71.2041
-73.1347
25.7903
58.3469
36.3647
-18.3061
-71.281
-19.3167
-55.047
25.3826
5.65936
-82.9404
19.8752
43.1682
-71.6155
-41.4203
48.6892
-80.2375
48.7916
40.9956
12.5397
-45.0679
-56.4367
68.2613
68.1185
68.3894
20.2511
-39.2456
-1.34614
-24.4487
90.8802
23.6119
45.261
-97.993
31.5607
41.0587
73.6389
48.2485
-86.8535
53.1475
50.1669
-45.1283
-70.6825
39.0674
5.35719
38.383
-97.4537
95.3369
-73.1131
-11.2477
-39.9599
-6.72892
-92.868
-31.665
7.07584
-76.2897
-1.41612
-0.786423
-17.444
19.0226
-87.6277
42.0481
-97.5648
28.2454
-80.3112
9.5471
58.2379
3.49164
84.013
7.10352
-11.0121
-79.911
-64.3819
-67.1011
31.2867
35.9995
44.4821
9.85302
-0.427658
12.3525
8.05388
-38.4427
93.318
-4.01611
-98.6931
65.4817
-49.0276
-7.21168
-6.66375
2.3072
-22.8189
82.2319
71.2708
49.1839
33.9932
-76.1186
74.3128
-24.3733
-42.2513
82.1467
38.8543
24.4317
23.2617
-41.3238
70.3458
-98.0755
45.0928
74.6607
21.7539
17.9678
-14.3697
88.8282
-63.5472
-37.8615
61.4158
14.5956
-91.5772
62.0555
-33.7997
-71.5882
16.4692
-1.47767
-35.2571
33.41
-79.0124
38.695
-52.7517
2.68839
-16.2188
10.6885
40.935
-5.48466
19.294
74.5524
1.97122
-69.6085
89.4767
35.3435
18.0701
-96.491
75.4803
-2.05178
-84.2845
30.707
93.2436
-54.7717
52.7704
-87.8743
97.4393
62.2758
68.8916
61.0561
-29.8158
85.7259
-4.50814
31.674
-54.6761
59.0231
1.61309
-88.6547
-19.2488
85.6291
-31.3786
19.0376
-35.2429
72.6402
62.8653
-22.3004
-2.43914
5.38782
-46.9785
32.8812
34.5085
-16.3882
-36.0172
59.2554
-93.9005
14.3192
62.0936
7.83422
69.8198
60.9619
-12.5221
-59.172
95.7582
7.98548
12.0969
-87.9341
91.192
64.7013
34.7695
-28.5155
-59.404
-3.40314
3.32269
44.6157
55.4105
84.8219
2.60732
21.2056
2.85005
-99.0224
-68.6426
-76.3998
-51.1628
-93.9385
-24.1341
-22.3573
41.3445
76.2778
1.48213
-89.857
-27.2379
12.9773
-90.7727
-17.2139
86.3901
-42.0754
38.4684
-61.2054
-79.0098
81.9842
-90.9379
6.84651
69.3909
52.832
-52.0136
7.69655
-44.184
-1.16765
-24.6827
-42.9175
85.3139
70.8659
43.3278
10.5047
-46.8103
59.4214
95.9231
-20.6455
11.0278
-56.3497
-70.003
59.7327
-72.2211
-19.4194
17.3462
-62.7401
-73.2515
61.3685
20.9079
-1.74837
15.121
-60.9783
-62.6687
-72.5347
-90.0972
-63.9242
26.3012
45.0245
-73.9874
94.1242
-54.9916
-43.0916
-40.6447
84.9285
-6.82271
-69.166
-73.422
-3.02
42.7498
95.1708
-63.9619
-7.73328
26.8087
-25.7122
54.4467
85.9109
-96.0699
-47.3202
89.1667
25.1698
29.1323
26.1752
-73.8038
-20.4487
-81.3905
69.9829
2.38414
70.2162
-75.7925
-44.3016
22.4597
79.6757
-90.3576
-40.0104
-54.403
49.2983
-44.1119
11.2872
-95.7738
-70.8873
-3.16862
-54.928
25.3064
-75.187
-67.9648
-84.8235
-28.3921
14.3976
-20.1446
30.2977
13.7022
93.4645
57.9703
-93.7577
14.1955
-16.8577
72.711
54.5428
-99.9114
-11.4183
92.5351
36.7657
-77.9881
54.7696
-87.593
23.6397
-87.7599
19.8272
36.5623
-98.0598
-90.4996
-26.3971
-56.92
-54.2452
-99.4675
49.771
-98.8241
63.5061
-52.9502
66.3307
19.3091
-71.3473
65.6464
-80.4918
-24.9601
95.794
9.76441
-89.5275
-87.9842
50.2158
-23.0934
69.3573
88.4788
63.3136
-87.6027
61.7231
-20.4436
3.55848
7.44295
93.6723
-49.5218
86.3558
-17.5014
54.133
13.0855
-71.3094
-96.3793
-46.1535
98.484
19.9479
63.8893
-12.4947
0.95118
-13.524
-97.2752
95.4628
43.8275
8.29913
83.551
41.8848
-41.8014
44.5184
20.6354
19.0195
60.6651
-1.81061
-30.8075
18.5538
33.1047
-10.0051
43.8674
80.0802
-91.481
78.0786
67.4624
40.002
-86.2306
-78.121
20.9563
12.7622
94.7313
-50.5236
49.0509
-0.94236
-38.2822
-8.39874
42.434
-11.8495
45.8947
-47.5661
-42.6679
80.9882
-31.2146
-23.7122
69.5182
-7.77671
96.8323
60.6348
88.1981
-54.0038
-42.1775
-77.1719
-28.0501
-37.3831
-97.6551
-88.7993
-49.4742
87.3456
17.4261
80.833
-39.1628
-8.39641
81.5455
-64.907
-92.0682
10.6032
8.32436
-92.374
69.5505
-65.1761
-14.6233
26.5015
10.1144
-7.98748
-45.5812
-83.3387
-73.0025
46.5743
-26.1181
33.5327
-16.282
-51.4015
94.9346
-34.7017
-30.6989
44.1718
-4.74413
65.4767
66.8906
29.7152
23.1178
-59.5201
45.6427
-83.8905
52.141
-66.0153
80.9868
-55.7769
-41.9065
77.775
-35.3507
60.1344
79.1244
43.3746
-3.03123
53.9824
82.6435
-10.9701
26.2748
0.70269
10.089
-33.4696
76.2588
82.1991
-79.1546
49.1589
13.9254
43.5633
-32.3875
63.6359
-71.2918
-1.8448
-5.64961
46.9373
75.5526
12.9952
9.93987
59.2199
-90.3152
71.9435
-45.9685
7.61089
-83.721
-98.9995
-85.1364
-88.0127
-30.2857
-11.904
-70.5199
-28.1007
-87.7807
69.3609
-51.8983
-55.5087
64.8629
-49.8419
-93.0756
78.4318
2.7382
20.8584
-33.6429
-36.2243
-21.9747
71.9387
73.2853
-94.0569
-14.9512
-84.1406
48.7217
66.2701
0.999878
5.03913
92.6018
-41.6467
44.5854
-53.233
-87.5673
57.1125
90.4818
-72.6766
-75.501
54.705
26.7862
-3.87457
80.0614
-7.65228
-11.7943
-27.4647
0.242546
76.3589
-35.1221
-96.8584
-99.8428
-57.3309
38.9276
55.4241
-87.4244
57.4725
-59.4342
88.6091
53.8001
18.8469
-40.4323
55.1898
-25.0915
86.8921
-5.10065
73.3047
32.622
77.5562
86.4921
72.1483
-3.02657
-67.3954
84.9556
48.9756
-66.2299
73.8163
30.2831
-32.664
15.4315
-41.9671
58.7395
34.329
-33.0841
-44.7628
72.1205
-71.4708
-9.08962
30.6378
-71.2106
-36.1183
-40.6977
-6.40262
-8.74631
0.778755
88.6235
95.2921
-24.8546
68.5105
55.3905
-52.6605
-64.6628
12.9862
58.7814
-61.6202
-51.5081
-96.7045
87.6081
29.8862
96.5614
-92.1411
-15.9188
53.3951
10.5896
-19.7141
64.7853
46.1566
-45.8
39.8268
-31.1024
61.7228
-25.0158
-40.8173
-17.1863
-49.7348
-92.1419
-29.6008
99.0338
61.3654
-31.8747
81.1008
61.7071
-89.198
48.5288
22.9209
31.6021
-63.3477
-84.519
89.1956
-88.6984
46.2277
-51.4788
-4.31943
3.39626
80.8846
27.5012
12.7265
94.7462
-0.438278
33.8408
-37.3559
-40.2367
-57.541
-91.9342
61.226
24.8305
-74.3547
-78.9324
-16.9273
-96.5783
9.15057
-6.34759
-83.9982
42.7502
-97.7166
77.58
86.3835
48.0486
-46.8469
44.5553
40.0581
56.1848
97.2534
-61.9294
-48.1422
74.7312
7.48172
-54.6698
-34.5148
-89.8548
10.5431
-1.50423
-81.6404
70.433
-33.048
-38.4993
-58.3513
90.3288
-43.5403
18.4701
26.991
37.441
71.5027
-53.7616
28.6834
82.4099
62.3527
-38.9435
76.0297
31.2999
57.107
-2.54244
69.1735
-0.360611
-60.7631
-44.5977
47.2367
-92.2469
6.32303
71.1259
12.7741
94.5495
93.3605
-89.226
-20.9642
55.1631
-73.8289
-42.6516
-45.2172
34.1507
-29.3626
-97.7267
-91.85
77.4231
50.6705
19.9072
-20.2606
80.2169
6.10617
26.5438
-78.1008
-40.7692
-8.34354
-29.7906
-91.0616
-72.3067
-59.4072
-57.0623
-46.0604
63.4056
58.376
-73.9112
-25.366
73.9079
-29.4217
-91.04
89.9242
-43.3435
-73.693
41.4555
-57.4383
33.9805
-89.1211
-58.1293
21.1778
-64.2417
89.0132
45.6392
58.1568
41.1274
27.6949
68.4899
-90.6165
9.1106
-78.1991
-92.8062
6.10847
65.1685
87.1912
22.6169
-78.2125
83.0795
-83.6852
-97.7168
73.7435
6.55979
50.3197
-77.1415
82.0555
-93.7351
-5.08611
-82.2308
-53.0276
-34.5998
82.0128
-10.4239
6.11758
18.2366
-96.7483
-48.4916
1.0677
-55.2912
-79.919
0.887123
-90.124
85.6651
-26.0215
56.49
27.4604
-73.4958
-43.7484
-79.5726
23.3537
-94.946
43.1387
32.8736
-93.401
8.92509
3.96006
-43.3106
78.0316
76.7533
-6.887
50.2206
56.9406
1.08643
59.6246
-88.7073
96.7205
-17.8457
67.2107
9.92613
28.3483
50.1648
-80.577
-57.9401
0.321022
-4.55034
-77.5422
-51.1923
11.4522
77.0384
-16.3883
-37.9628
-41.0387
62.6164
-6.10364
16.1584
-25.4195
-25.4718
95.1933
-85.6086
-23.826
-42.8583
81.0754
34.1118
-82.5608
0.62957
-18.7668
-12.9674
57.7154
23.4652
-20.3834
16.3094
-87.0806
35.8171
-21.6906
45.5183
26.7115
-59.6218
-63.2764
-86.0827
7.61844
43.0787
23.6288
-69.9484
-22.0354
51.388
77.2492
-72.4659
66.4962
0.86808
-10.2163
95.3603
-79.215
33.0144
73.664
70.9507
69.0841
96.5993
-56.2079
-86.6356
-85.0289
-81.2109
88.7153
37.2622
65.856
42.5421
5.14233
27.0958
-0.270355
56.1798
14.5741
-53.4309
-13.8869
3.00755
-52.1677
16.694
-23.2494
47.5033
-12.5474
-84.1955
-74.2874
51.9952
82.8426
-65.1894
-37.7562
31.5464
0.136444
93.2913
-52.6267
-97.3246
66.1714
-58.0495
-38.367
-34.8078
-13.9121
-19.9357
-59.4692
-99.4016
-43.2986
79.7797
57.8561
-12.8915
-66.6787
-69.2134
-69.0084
-24.2586
85.9642
-0.5298
95.6259
-16.2358
-74.8347
53.0404
50.03
53.4512
-46.3563
89.1438
39.2938
11.103
8.00648
-35.0982
-95.9824
23.5113
-46.0017
49.0648
32.645
64.8503
-60.8314
6.00141
65.6718
-54.4383
55.4584
89.4447
97.3761
-0.103767
55.993
74.4422
-49.8636
-57.0425
87.2866
26.1085
4.74323
-80.5722
23.0237
-41.2606
-67.4922
58.0726
25.8788
-55.7652
-46.4069
39.1077
83.3556
-43.0302
-8.39197
-43.7346
-47.336
23.0639
35.1427
43.6934
-45.2303
13.9104
-7.95121
-35.9775
-73.4824
-18.8514
-36.0001
-53.2288
-16.485
-64.0804
0.260094
-28.7184
-70.3439
-70.3811
-95.1915
-82.9701
-78.2622
47.1058
-92.5257
-80.2071
-40.0979
74.0956
-75.168
52.1775
-52.6768
60.6755
-26.766
-56.6379
87.19
1.95526
62.0268
85.0289
79.9665
-3.22357
21.4916
8.77298
47.4671
-19.653
92.8102
60.7804
-64.3084
-30.7445
76.6006
26.6837
73.5024
-44.7978
82.906
0.918648
39.7447
-11.4642
-78.8929
46.3716
-32.2651
-79.7038
17.9032
98.3535
27.918
18.1879
84.291
79.5117
-46.5732
44.5241
-82.9625
48.8787
-95.2182
67.0544
-17.0839
70.2273
-90.1307
-25.9686
-54.724
53.2953
-66.2914
41.1832
-33.7904
85.4306
32.8052
-43.0195
-29.3904
35.9407
55.3511
85.4212
74.2899
-9.38059
-59.5861
-63.8313
-12.2755
86.0613
32.6331
64.644
71.0101
66.2543
-63.353
26.8615
60.513
41.1173
59.0539
-81.4615
77.0219
-92.2021
-40.0774
18.4386
98.1272
24.0224
-55.9025
47.0337
95.7222
2.97741
41.2298
-50.64
93.1239
-67.2662
57.6215
43.8816
-81.7039
3.09935
90.6335
76.7178
-3.93253
-94.1008
47.0895
33.6625
-34.9555
-96.7792
32.3102
36.8174
-10.1235
53.7892
35.4641
45.0387
-35.3567
-39.7927
4.64536
74.6208
-47.9156
81.8951
11.7524
-76.6299
81.5698
-55.807
51.1937
12.005
-31.9797
-83.34
-95.8618
51.0027
1.85686
8.22736
77.171
12.6071
87.0195
-62.7667
80.359
-6.83868
62.3879
-45.8628
-16.6924
51.4948
72.3741
-7.8448
-47.4784
31.2472
-28.2917
-98.8226
87.9526
18.4849
75.1151
58.8612
80.3955
6.56084
68.0714
76.8695
-53.9527
16.4942
17.5618
-39.0044
53.5709
-33.6489
62.1205
60.0027
65.5298
-41.5482
98.8498
-32.0305
62.7483
10.6873
21.1139
61.9131
-26.745
97.2283
-84.3342
-5.64382
-55.7183
-57.4384
31.9926
-99.7193
18.1189
-75.9557
12.88
73.3799
96.3067
26.5187
99.8403
15.6993
58.9622
-22.375
-56.0873
-59.5152
-72.0615
62.2594
-6.77505
-68.1481
35.0416
-56.1408
41.6419
76.0458
-97.7841
-57.1262
80.1696
10.4102
-36.2238
-13.361
42.4283
92.5029
96.2783
-51.3297
-97.6601
26.0263
24.7775
34.6241
-71.9596
-25.0117
28.0124
5.04533
-3.16818
-47.6917
45.1453
-42.5061
-0.0528488
-88.2358
21.2716
-88.1503
58.1727
-92.2454
30.7538
79.4854
-89.6521
16.8013
-20.4311
13.7701
33.5098
-0.736725
17.8315
94.6924
94.8679
44.2977
-87.9382
22.5736
-6.01003
-10.4533
-89.4121
50.5652
50.0348
-65.0544
30.324
56.2427
71.3875
9.79272
-13.7781
31.0815
-13.4586
1.12597
-75.8149
-20.5027
11.4441
-59.1937
-68.3589
91.3148
-72.1551
89.8682
15.1318
-80.0671
-87.7731
-2.14893
82.8923
-29.5711
-0.73127
-90.445
91.2619
38.1229
-67.8861
37.5308
-19.5545
-52.5169
-51.7446
-71.395
64.3671
17.6826
-9.05706
-22.0126
34.4637
31.0579
-9.88143
-77.2266
52.2842
-58.7149
-21.2188
-23.6914
18.3316
99.903
70.4372
38.3644
-8.79765
-62.0284
89.3226
44.3942
-66.5383
90.2961
6.43658
-20.5126
45.0367
-68.2603
-50.9616
88.7498
17.7362
92.0648
-66.316
26.777
40.3275
-16.3796
-91.6801
-68.2405
81.6936
23.5121
-31.4071
-59.2678
85.4498
-44.3837
43.5129
-78.9079
-5.52791
92.4857
7.396
-95.2429
52.0502
7.54687
40.1704
-55.4861
45.3934
-72.1219
46.658
-18.3139
-1.75124
-33.1677
-49.1312
52.4934
56.1514
-63.952
-42.1038
-38.9808
49.7214
67.1886
38.9562
-62.8097
-42.1073
-96.8302
-24.9935
-65.1109
80.6411
-65.1217
99.1711
-31.8154
78.5653
47.5757
4.63146
40.9223
-18.8847
4.73228
-64.6468
80.5541
72.6824
-26.865
79.2021
-50.3918
64.2703
-8.77471
-76.4983
93.3816
64.8077
22.4203
17.5179
23.5388
16.1
-7.46449
-55.5902
94.9696
-45.5122
75.9908
-22.5995
-30.3226
-31.6961
83.7312
70.7398
-75.9481
-59.9181
-42.9494
-50.3917
67.1129
-34.2501
-40.6453
75.1095
-34.1317
-51.6033
-95.8775
-12.7961
-63.4454
72.9953
32.3643
-53.004
-38.8985
32.5813
-5.33369
-43.2124
-70.2398
79.7125
-72.6958
1.15255
-29.0121
-7.10026
65.925
1.64774
93.5646
-60.1132
76.7578
69.2354
39.3632
-23.4536
15.7296
-33.1174
-4.07738
71.4757
91.9364
-24.2276
6.9092
-77.0452
-98.4339
20.7654
4.23571
-10.4319
71.4101
-10.1729
24.4461
65.4377
11.3774
19.1937
-11.8533
-18.6196
60.1387
-48.4598
-63.7793
61.894
51.9231
71.3378
-25.4108
-79.3003
0.154922
3.87297
92.9579
-55.7186
-61.9934
76.9999
-62.0168
83.7421
53.5121
-21.3665
93.4133
-2.95853
76.0105
-91.4251
17.4903
-41.3664
-44.2064
22.9444
25.8132
42.426
53.3178
-87.1194
-16.0568
-67.1407
-32.9779
-60.0767
91.6397
-11.824
73.7435
7.62104
86.8438
-17.0599
75.0134
-50.4977
85.7796
97.0192
1.02802
77.9929
26.3695
-7.54216
38.9776
97.1376
-8.7701
0.906075
28.4139
-47.4348
-36.045
-7.95063
-26.3166
96.7633
-99.6417
-78.2772
-5.35094
66.7346
7.79383
-9.13341
94.765
-85.4332
-75.4166
72.3782
60.6532
-2.44897
40.1481
-30.6071
-13.4074
62.5431
-37.6251
34.89
-3.13562
99.5593
93.4435
-95.9569
51.7718
-71.927
-76.5836
59.5939
-5.36505
29.6363
96.8096
78.7518
-19.2516
37.6629
-0.174622
65.1389
-10.1714
48.7955
-94.1958
50.6558
-28.5159
-66.4243
7.20088
25.3487
35.4473
-36.8014
78.4318
3.58658
79.5546
73.974
81.45
-70.0061
7.11447
-27.0783
94.8784
20.7792
36.5693
20.3469
-28.9952
77.6434
-47.3441
87.843
-22.1457
-2.82137
-18.7496
74.6893
-97.1889
-54.0386
-26.5146
-30.4329
-85.979
-48.7228
-84.7951
49.0556
77.1632
82.5359
-18.4043
79.0206
98.6264
14.7824
48.2948
91.4335
-76.7408
16.9483
50.3208
-58.9718
60.1844
-80.4191
-2.93983
-9.81242
82.6194
-15.8187
-65.6605
44.1119
-10.8552
-43.3403
-19.6989
-79.3441
63.6795
61.2407
72.0498
-58.7028
-18.0149
23.4399
-45.0829
91.9283
38.9894
94.6783
57.6178
-18.5196
-58.7963
10.7444
-18.5984
16.9805
-9.31696
9.76515
-77.071
67.5594
71.6466
-35.5434
21.6924
-16.0802
-60.4752
-6.51931
29.8826
36.7695
-14.535
-89.4593
58.1172
-24.5507
-24.1058
53.3263
55.4927
65.5187
-26.9596
89.726
24.5235
-34.067
35.1726
-53.3857
-53.2718
60.7936
-42.2038
80.1452
0.0391998
58.7776
74.9329
-2.04903
-37.9305
-97.2813
-7.5541
38.2297
-73.4359
-36.4055
-66.7078
42.2208
5.64408
60.1402
-23.7113
85.0144
37.0438
-4.62975
-12.104
-32.6718
85.1851
-93.8374
74.9675
-21.1665
54.5509
36.4584
-44.3826
61.9111
-59.8756
71.4635
87.2158
36.6177
34.0123
44.534
82.7233
-69.8387
20.5737
-17.9228
-28.1145
79.9937
53.8035
75.8604
-13.9532
88.8409
-50.6105
-10.3368
68.7799
-16.0751
26.3114
16.0134
-62.6996
8.08243
41.3607
-51.0421
-64.1336
-93.7054
93.7385
62.8494
-89.97
73.6686
-52.2366
59.8596
60.5945
11.3768
10.6927
-88.1988
42.8794
74.3654
59.7669
-97.2475
-37.9682
69.0676
19.5818
-88.8344
-39.2569
10.0916
9.31403
-59.2685
74.2534
-22.3434
74.539
-23.7867
17.6623
49.4738
-94.6319
-79.1069
50.612
35.8899
2.09838
67.452
66.3693
69.0167
-35.5571
-7.41048
51.9399
-46.1929
36.4389
27.9884
0.716309
39.0056
-32.0891
78.5698
-76.6322
42.8794
73.9835
40.7229
29.2128
-20.0946
70.0264
-65.6265
15.3884
32.145
60.427
-3.6993
25.8301
-73.2655
26.5477
-12.58
-32.7144
-31.7072
97.3838
-70.3034
10.2094
-11.2892
62.5744
87.59
-74.6081
61.0684
-23.9275
50.3186
-95.2972
-59.3055
53.0385
18.3379
4.33185
5.45198
31.2996
51.6426
-42.2261
-94.4624
-29.8827
-38.8482
78.0984
0.685692
-75.5922
-78.4275
68.5459
51.6236
38.0385
-86.6441
-27.4735
52.1222
18.4881
-70.3289
-17.5252
53.9754
-35.0995
81.93
-2.43442
84.658
46.6625
56.9476
-81.7653
-30.1473
-86.0025
-44.6448
55.2708
-64.1047
-7.44053
-53.0237
30.4859
-23.4334
-45.4434
32.3447
17.1364
11.6371
-16.0543
-24.1739
-90.521
13.1422
80.8639
80.3094
-40.3235
82.5641
54.1394
-79.7918
-60.9879
-24.0922
81.6622
96.7693
1.91483
-17.6307
80.4309
2.57642
-97.9801
49.0602
-44.8861
-1.09415
10.6048
34.3345
60.3111
48.2783
12.6723
-15.9865
-84.5387
-41.8081
-68.9874
-71.9061
75.0317
57.8018
74.9452
4.1132
-69.5152
58.1159
-45.779
-7.20238
-50.5496
12.8749
-12.336
68.1434
85.909
71.8654
42.3618
-25.8383
-64.4207
81.7606
-49.6112
-15.5964
70.8063
41.2348
33.1882
-5.62734
21.3399
59.1845
-86.2385
-9.85911
97.9836
10.6159
20.5207
91.6759
-3.34885
-84.1493
-96.5153
66.9204
-69.2062
51.081
-82.1298
45.149
18.8245
-17.3298
-62.6889
-12.8346
89.029
-90.0596
-31.8149
86.2211
-82.16
-62.2424
92.4814
-65.9731
-9.39166
-45.6033
-53.9799
-39.5734
89.7258
20.9343
42.7033
-85.4281
9.66381
19.6731
46.1107
-16.8648
-47.214
74.7075
8.61551
0.880203
-6.39725
81.3618
47.9488
74.9401
-82.279
-62.5434
33.2063
98.8748
-11.6293
-53.4238
-93.8257
71.6003
-13.1621
-15.0922
-54.1671
12.7971
80.0921
-92.1199
-59.844
1.83464
34.8125
93.608
69.2324
-11.5349
-66.305
12.0772
-18.3853
-2.52917
92.3033
-58.0206
46.9727
70.6635
41.1754
34.1553
48.3313
-95.7962
-46.6955
-10.9872
-62.4102
71.5417
1.05349
-93.9658
-82.6138
-90.1396
23.7228
-90.5604
-49.1596
-25.535
33.2818
-32.5475
-25.2416
-35.6281
-2.21219
19.6659
-74.8583
56.159
63.563
-96.9216
38.5337
36.3208
43.7878
-59.0209
35.1223
-99.2753
79.5101
-73.6399
-65.7624
-68.4088
53.2625
-17.4321
18.6044
83.8154
84.4905
31.1794
32.1201
41.6912
-96.2859
-76.8444
76.9962
74.491
-29.718
-70.2247
-66.4267
-34.077
68.7465
21.857
-49.3272
-42.5317
-30.954
-43.1602
5.68432
-63.6537
-27.2779
-59.5426
67.0921
17.4499
80.5539
69.2138
75.5872
-5.0767
75.8697
-58.1693
-51.4861
73.3278
20.5391
0.640594
-33.4712
49.3972
18.2027
-67.7414
70.1761
50.2131
-68.1561
-98.9193
64.1547
47.5841
-54.8023
-61.48
-93.9349
36.2917
-45.4026
-81.0839
22.2164
-9.23125
50.2288
-5.16501
-8.31672
20.9174
-40.3029
29.2299
67.85
-44.2873
63.1456
87.582
-8.76306
-80.7733
43.0026
-55.0528
-71.6205
73.698
42.4541
-73.3199
-87.0792
60.6455
68.7885
-72.1575
48.39
91.1622
-37.1537
-41.7422
38.0462
42.9966
43.3719
-47.9577
-25.5366
5.85196
-46.1873
-70.7748
87.3895
-44.8259
11.5097
43.1708
-28.9007
65.5198
-8.5833
-59.5475
-14.18
76.4427
-27.3539
62.7838
7.48707
35.1488
-54.2429
-60.9352
62.9171
48.4192
-18.4344
-26.7335
89.9886
38.7726
51.1997
-86.4291
-13.4879
-90.8318
-9.63976
-15.4505
-77.1985
-74.9702
-23.8523
-86.2158
-29.3927
-2.90627
-45.6142
-37.156
-81.5049
-52.8402
-85.4034
25.5117
-25.1841
-69.5787
-9.02518
-86.2679
95.9057
86.6624
-65.4808
64.6898
40.6333
-75.9655
48.3368
-3.38556
98.8918
74.4151
94.8875
-26.0258
-16.458
-9.95535
80.4171
-29.898
-96.4391
-51.4303
11.5952
80.8858
46.9341
21.0545
62.7612
27.8393
94.8913
38.3038
-28.4546
-36.449
1.04145
-96.3134
60.4889
36.4972
8.02199
25.6232
48.6616
54.7306
57.5731
30.5982
63.811
71.5592
95.2545
-56.9717
77.0528
26.9695
76.9444
4.21283
5.00851
-21.9632
64.4736
8.10385
1.35332
-54.7857
16.1135
19.8728
1.46464
16.1266
40.0598
85.5963
16.2613
-97.1286
-40.9464
14.0094
56.1039
-61.002
-60.9088
-93.9617
-13.5539
-0.697029
85.0859
38.2037
88.9433
70.3252
-45.0247
69.7142
86.2435
94.4856
20.1196
-50.267
-36.6442
-79.5378
9.03062
-22.4156
60.6988
-34.8841
-96.51
-43.1171
-68.6391
-16.8615
9.40668
97.9896
-89.1205
-48.8754
-48.5415
-36.5088
-3.07076
-10.3793
-44.5013
66.6816
-82.6639
68.5601
90.2637
61.967
79.7192
40.619
84.172
78.2058
4.6998
-10.3514
24.1229
33.7449
-49.4236
-62.3006
-86.2014
12.5423
-1.56895
30.5898
-77.3579
45.5518
-11.3051
-4.59126
34.7313
-71.2498
-95.025
-86.0042
-71.8414
-38.543
7.40069
-16.649
-19.1737
-52.6866
96.5252
99.6655
77.3344
-40.677
-58.0822
12.0528
-28.7516
-28.6051
33.9604
-27.3079
36.1997
8.47939
-86.8223
-22.636
-43.5531
3.83662
82.0738
14.843
66.8248
-75.5873
4.37389
-87.9631
4.81137
64.7042
84.1743
-83.074
-25.2471
71.4196
-50.2144
46.3753
29.2549
86.2337
-70.9012
-36.4195
98.0644
-31.232
83.2012
-36.4949
30.7545
91.502
73.4678
-26.787
-9.01859
24.5864
23.4445
31.567
-53.2822
86.3939
22.3403
73.3875
23.9595
86.766
76.0085
74.5411
12.2647
-66.6704
69.8299
31.3358
59.8955
64.2079
-57.7899
-75.4698
-21.5841
35.7252
32.9865
4.01923
-48.6402
-95.0902
19.4828
47.4094
10.5112
61.6413
4.85928
69.9938
-14.0374
73.19
-95.1129
36.6528
23.8873
73.9339
6.97818
82.3344
-6.1891
-20.2574
-65.9815
49.477
-40.2293
66.3661
14.3276
4.68697
-26.2809
96.548
82.9055
-6.56336
89.6192
29.8478
51.5809
-79.1074
42.7528
-54.3569
23.2338
90.9895
61.5095
-9.79816
-77.7607
76.6408
-97.5108
-64.799
-76.3474
30.0676
-54.6843
-78.3077
81.737
-46.3643
-44.8437
-87.6392
47.987
-82.252
-10.2027
-77.2523
19.6817
-9.95451
94.5969
90.2665
-90.7163
-69.1212
79.276
-8.86045
82.3697
-11.8515
11.9893
-95.5718
-76.0447
-83.1133
-85.4405
1.30081
62.8318
14.4969
48.9429
-15.929
80.498
-69.6109
49.7501
-50.4691
-34.5454
-4.56066
-51.0168
-38.8816
-82.7564
-86.5958
-15.3124
44.0885
-3.77493
-45.3789
-82.6576
-25.7573
97.6321
-97.1253
15.9106
9.73271
-22.3514
-59.5236
-13.4824
0.735176
-43.826
15.6981
37.615
-4.8459
-45.1641
-73.615
-47.9783
29.1827
74.3298
60.4502
-13.835
75.5162
1.37537
-84.0506
-38.8621
43.9851
58.2139
0.162827
-63.2838
-10.9337
37.8993
-26.3841
-38.4657
-92.5799
9.6488
-32.5567
19.9669
-16.3096
84.6044
-54.3733
-51.8333
37.5799
5.73457
-19.0648
-21.6402
93.2863
62.9988
20.089
36.3138
-73.3918
-95.4001
9.99628
7.48946
75.3247
-18.1613
-36.5742
97.5043
-44.2443
-13.3473
72.0994
-25.8738
-61.0577
3.71174
-16.8645
-41.4835
-13.324
62.8324
24.5068
85.774
3.27804
94.0168
-60.3142
98.5494
-80.405
33.4275
15.5424
21.1971
60.2755
50.7835
-81.9181
2.41695
21.5198
82.7723
-45.3166
-36.6774
-37.14
-11.1461
67.4361
-1.79028
-89.1411
5.92538
-12.0707
-71.5759
23.8305
-81.4733
78.8755
60.3853
95.4963
6.12862
3.76385
59.1348
77.9131
85.905
5.17851
35.1765
12.3323
69.5352
78.6841
42.9539
-73.3623
0.32679
92.42
-98.0395
49.8708
-21.6832
-30.3367
-68.2778
54.241
28.5762
80.944
25.8157
83.5989
47.3137
1.35958
50.5572
-85.2581
67.5095
32.2403
63.1422
30.7078
-93.8695
-64.6497
32.4939
-74.567
-48.0276
0.47197
-67.4433
79.6989
99.646
-48.9516
70.0126
-97.3277
12.8628
-14.5397
31.5414
-84.3163
95.327
-38.5375
-99.1681
81.4659
-2.83736
-87.4117
71.8055
34.4318
95.9628
46.313
-17.5893
-24.1555
19.0494
-35.9554
98.2623
94.5476
61.1989
-30.6126
94.5248
78.311
-27.5143
-33.5319
29.6369
-92.5168
69.9872
75.2868
-55.2872
-12.2162
81.6772
-50.7238
84.4964
-69.7576
-15.1728
-8.3826
-86.3761
77.7399
-25.207
-53.5748
-31.6777
-8.03818
-97.6271
-18.1809
33.4176
48.822
-49.381
53.46
-97.7868
97.2836
46.2461
58.2873
35.0277
-89.0723
-38.6239
48.2045
-26.4704
-88.7529
-70.7176
49.7245
-79.4731
95.29
-61.4178
-49.7282
18.4462
25.6532
-46.6425
79.4595
75.7433
18.1955
11.5431
5.02425
42.6025
20.4791
-7.34254
-6.12709
22.0146
0.0318298
-65.1029
15.8995
23.5481
-27.4086
-56.7754
-24.9308
-12.1825
48.5067
52.5051
53.3195
-58.7629
-28.3428
42.0627
-51.8199
62.1779
24.5636
40.2294
-63.6143
34.3587
66.1443
87.6673
24.4126
-96.8556
-52.5496
-0.784752
10.7685
-13.5587
-81.5622
-15.9563
21.7726
-67.6798
-93.8787
-18.9215
-14.0784
-15.5571
-67.698
-0.758438
52.8676
-54.367
54.1201
-3.84419
-9.41355
-13.5788
-18.7801
-37.2492
-46.9869
90.626
-48.9439
-0.966522
-44.2751
68.8413
16.3451
-87.443
-54.546
44.6432
-82.134
-26.1993
67.7326
-17.6891
99.2484
67.9223
-30.4973
32.4011
-34.1198
-51.5331
83.5235
-20.5816
85.067
-78.4544
17.4199
-23.253
-12.8224
94.1816
-90.019
50.4958
82.1292
-54.5657
-85.0912
73.0062
14.8502
-12.7055
59.278
85.9774
21.7876
-15.6566
59.6676
32.5427
-54.2602
48.4686
12.2283
-79.436
-81.2928
-87.3655
47.8166
53.3547
-67.2835
-33.6964
65.4087
-76.3698
52.6988
-91.1378
46.5088
73.136
-3.91095
68.6936
-66.126
20.6149
75.3699
-58.382
-27.0239
8.81985
35.3728
-89.5997
98.5326
37.2415
-81.6629
91.2125
8.65771
-89.902
16.4265
80.0538
64.2535
-90.7729
-19.7731
73.5333
74.9842
59.8753
-76.092
-78.6637
98.3947
-79.7003
76.9218
24.8139
47.6527
98.8327
82.0284
50.7358
-83.1223
-36.646
91.2339
-31.993
93.9481
-14.0839
92.5911
-21.4872
64.0592
43.1893
82.7813
-94.6825
71.131
98.4963
27.943
38.4546
-94.331
-21.4128
-84.869
5.85247
-37.4077
88.3159
-74.5601
68.8921
69.7966
71.586
-54.2503
15.9592
26.1248
78.9432
-1.54949
-42.2711
-50.4286
45.7774
-19.2507
52.8257
41.1361
-25.1099
-21.4058
32.0412
-82.6682
-5.10478
3.98657
2.4324
81.2175
22.2736
-47.2734
75.4601
58.4388
-19.8417
-79.2908
-41.2093
-4.08405
-40.5244
-92.7346
10.2486
48.3313
-95.8729
64.2342
-15.9194
42.8185
50.4227
55.2535
44.997
64.512
52.7556
63.7325
-48.8808
60.5599
31.0046
94.4751
43.5285
-16.3035
-12.8921
-77.6544
62.1926
70.0878
-35.2036
-66.8096
-68.8927
-79.7439
-56.1147
79.8857
39.7231
26.7165
23.931
7.84228
5.21597
64.6968
-40.4481
-11.8897
-31.0346
1.90897
83.9574
71.6677
-80.987
51.8011
20.7101
74.7213
41.0837
94.109
89.609
57.9604
-60.2449
63.4434
93.3654
-8.08531
-89.7918
68.9015
27.2788
74.959
36.043
-26.0863
-31.524
-24.3095
30.218
73.5617
-48.1504
-63.7705
9.55251
-50.9356
-74.1694
34.8982
-66.3855
59.3315
-14.7618
97.7982
93.7111
1.93575
-66.0045
62.7917
-59.2659
-81.393
28.6096
41.0209
38.241
-83.8499
-65.0255
-83.3829
-16.9835
-40.7968
-72.5302
-14.9281
-96.0842
-86.8212
-3.91847
-57.7789
-90.4748
-10.2707
-19.032
-70.3852
36.3168
-22.7692
-82.6789
16.3413
48.2728
-79.6303
53.6477
57.4124
-69.734
-19.232
-32.7578
40.237
63.104
-11.006
23.037
-16.3167
-34.693
-84.878
56.2405
33.619
34.7347
-13.942
77.2748
-41.5929
-52.1154
96.2762
-85.8533
62.8488
99.8291
27.3155
91.7865
55.2777
51.7772
19.9734
92.7399
79.5292
47.944
-4.35514
3.15913
95.4532
81.7997
7.77876
-62.3133
99.9336
-15.3641
-23.7243
65.3548
18.5591
-76.9657
38.1033
2.38266
45.2861
-76.2628
50.505
38.3295
2.91766
37.0503
-95.9309
89.9279
18.5271
-14.8626
3.76958
-44.6854
-27.9008
70.8305
48.3797
-81.6894
45.565
10.2328
-17.0374
52.3445
-45.4255
-65.9425
-95.9004
1.29193
-86.5485
-20.9579
-38.7207
20.7329
58.791
-99.8085
-81.4307
-5.54704
-29.1843
99.0731
-78.4694
-35.292
47.8754
42.445
-26.8482
-37.5616
-97.8389
20.8806
-60.5004
-30.1763
26.3348
9.46848
-63.4763
-45.5549
-40.5571
-43.7156
71.0406
-19.7144
59.6496
-68.94
-74.0124
73.6102
-32.9636
-19.2953
-95.693
88.1554
28.5122
4.78692
53.7948
-70.6242
19.5737
-24.8535
86.6003
91.834
53.4812
59.2522
51.1787
-38.9554
77.3057
76.3985
29.008
-63.2322
56.5881
75.5638
1.15988
94.0575
24.6183
-40.3835
74.9722
58.3729
73.0918
53.3478
16.9082
-24.6551
22.3351
-14.1019
-10.6666
-74.0098
-82.0863
-23.8525
-88.6874
30.9738
-23.067
-87.3258
-85.0496
-28.8159
90.47
-70.881
-96.2933
-1.20066
20.4652
-40.7155
94.8758
-21.9668
3.47803
55.1982
-84.2857
9.5461
41.372
-60.4418
-45.4563
16.0692
75.5913
63.0424
-45.5299
-20.566
-52.4679
-27.1912
-2.49493
67.5712
69.2515
-90.5457
-1.76965
57.6407
-33.6047
6.39261
40.5795
20.4599
68.6974
-2.40681
-51.3291
-88.3389
87.532
-49.2838
86.9313
53.8202
-44.6208
58.1503
-67.0769
38.8512
-28.4527
-3.88038
-17.607
79.6744
87.1479
94.0789
-15.22
-2.91091
76.2943
78.7939
88.5902
-63.8565
-36.8983
50.7505
-36.3647
18.2764
-28.5626
-51.9836
-87.8235
-49.8981
-37.7043
-95.8291
0.438835
-24.4946
-80.2175
-15.8876
-22.4714
-77.4308
19.8344
-44.1498
-25.4005
94.7003
27.1836
74.7592
77.881
-54.8361
-29.9874
1.1344
65.6875
9.01451
-93.2096
26.9215
69.8469
-82.8046
-96.085
99.7221
30.0086
-45.5699
-93.5117
-50.2587
-97.4569
41.1017
-3.67734
-5.00944
6.35586
22.8693
-36.2374
-41.4464
10.3609
-64.5229
-36.2464
6.51698
-69.0191
-4.63292
-65.4392
-36.3904
-13.9646
97.2436
-27.202
15.7705
54.9003
-90.8142
86.4709
-83.2361
50.1668
-47.2289
24.5751
34.5989
-96.3382
43.6564
-66.0993
68.5619
-80.4031
65.597
88.4668
61.3135
95.7778
-62.7639
-72.0786
-25.3926
27.052
62.7189
-83.6372
-89.7381
-28.0842
-11.1874
-27.3608
-53.0856
-9.46639
98.3537
30.5539
-79.885
-27.8364
-47.1238
-10.5676
-10.0219
-38.3358
90.5154
91.8112
71.6217
-53.5842
9.66139
-21.0021
17.9182
-48.8453
56.3204
-23.1788
33.9323
-99.3992
-2.10377
42.0814
62.03
-62.0571
6.95212
44.3598
-44.9665
48.0651
30.5259
48.9973
97.1609
-16.2198
-5.63891
26.8014
50.6922
-16.6112
15.5417
9.3167
-14.0869
41.9044
87.1816
61.7505
41.4749
69.0449
38.0432
-8.62147
99.044
32.7003
-6.61671
-7.18568
30.3951
51.1634
-96.9641
-76.3409
-62.0162
93.5689
12.3589
-83.3239
-25.4811
-60.4152
1.16486
-22.205
0.0287552
83.2008
-43.8063
-51.8471
5.00996
2.51456
62.0598
39.3096
75.5059
28.026
32.8647
-43.3856
18.7531
-16.4345
-14.4388
-73.3062
-57.0935
30.0879
86.7865
20.6192
-53.5714
25.8116
15.9384
76.8277
42.2281
-71.5633
35.4211
-78.4481
-77.8758
-58.1081
-22.5799
99.1065
83.19
-25.9259
63.8228
69.1625
13.9447
-31.5548
59.0437
-52.7134
46.0645
5.50085
52.9259
-74.5901
-35.4125
21.9571
33.6818
90.659
-93.411
40.619
83.826
64.2355
6.94456
-82.6872
75.811
-44.2511
71.2044
-68.1211
88.8974
99.1163
47.6392
72.3861
-6.02621
-82.5355
25.6906
-17.3398
-30.0715
-11.5096
-41.9968
-40.4311
75.2785
6.10309
-25.3669
58.058
-19.7503
57.0614
31.6771
-3.55267
90.1628
-33.3013
-94.2629
-77.1006
-29.174
73.4634
99.1411
64.7393
73.575
-24.8641
-90.6748
29.3947
37.3282
-24.886
-59.5159
-83.4849
69.7038
-88.3033
86.1194
7.98185
-48.9692
-24.6799
5.10509
1.18196
65.1229
-79.4627
70.2735
86.757
-74.8135
9.82579
-57.8993
86.6373
-87.6023
68.856
63.0965
62.2491
21.1732
57.7325
-90.1194
-37.1809
99.8016
-35.1227
92.1909
52.4841
99.7023
95.663
7.5055
-55.1179
32.6455
73.0539
17.0781
31.5001
22.7401
-7.82005
-31.5225
1.61143
83.3723
38.3888
1.08653
61.3198
2.37763
-39.1667
-74.2271
64.5943
36.4859
18.2122
92.2625
55.0245
-3.45886
66.871
-98.9641
-90.4482
37.1269
-8.75766
10.1002
-45.4317
29.4643
6.79126
-59.3549
21.3584
-28.8721
-53.0787
-92.9271
-25.0582
47.1646
95.7694
-4.01103
-13.4639
-88.0054
92.9311
92.725
28.5517
67.8463
93.0517
-81.0014
9.13041
54.8207
-28.3829
-31.8268
86.932
65.9103
-45.0457
-82.7479
55.6469
57.6795
19.6984
70.6427
92.6077
56.7621
0.733505
-71.9118
-20.8084
72.3558
83.2907
66.3277
-30.5511
-72.288
55.2598
-48.7522
21.5238
-49.3903
97.9234
-0.865677
50.4735
-91.2857
-38.1287
-28.4659
-25.5482
11.3119
-80.9872
47.7314
21.0603
-40.0462
-56.9849
55.1455
30.8321
-5.24007
-69.8977
29.3124
53.0595
-29.1656
13.6947
-33.0785
49.7813
74.9088
-8.05758
-23.766
-34.5809
-0.447891
72.2545
-19.145
30.0392
68.3752
-17.4247
-57.7186
-77.1337
13.155
95.7541
-60.334
-33.8709
-69.0337
-49.2696
-73.621
52.4484
-99.7882
58.9366
-53.4483
95.1569
-98.4196
62.1322
55.9296
8.82568
-66.7913
37.9824
-30.4557
-69.1893
-64.9815
56.209
-96.0039
62.1506
-35.0634
89.0074
-52.9762
29.4111
-88.1744
52.5726
-11.8084
-63.9479
28.1284
-45.1776
-99.2383
-98.2575
-14.4087
33.1366
-73.1303
99.366
45.0932
81.9987
-48.4159
73.5179
15.994
11.3901
32.5859
71.1706
-35.0257
-77.0943
76.482
33.6033
-29.0093
41.5203
31.2801
-75.8487
11.6441
-96.9275
-61.193
-70.7908
18.5302
37.538
-98.1237
35.1888
18.1925
-39.4081
67.7159
-99.166
-83.6097
-28.6115
-74.2219
-47.8458
54.9521
-20.5642
-21.7916
-51.6768
68.1259
-7.3717
-96.2848
-58.119
-5.69193
-64.2151
-63.4123
28.6675
15.3225
-75.1282
-79.532
-93.5624
96.8956
-75.4611
-75.3421
-75.4731
-77.084
48.6543
-66.5953
-67.5263
85.7725
-22.2641
7.29137
-53.8438
47.9788
-19.561
38.227
80.7329
78.3072
-91.4746
-12.9517
-79.2982
35.1451
83.0162
53.2324
77.2912
33.7716
-0.269821
65.0534
-47.8817
51.8834
3.63269
54.5013
3.75771
-44.1201
73.5666
33.7682
-57.742
-69.5401
39.9953
0.504593
80.7015
-50.3876
-63.677
-19.2819
-71.66
9.95615
-66.8978
48.2733
-70.9274
-76.3319
90.5307
-50.7873
17.936
49.8574
-46.1498
-39.3308
-33.4027
1.53734
37.9935
-43.6872
-51.4131
-99.5726
82.9572
61.3497
-95.8269
37.6579
-83.3893
76.4527
-59.3202
5.4028
4.87566
-54.7888
-35.1022
36.5872
-79.7638
9.66331
11.2582
16.6809
-43.7073
12.1642
43.3738
-16.3016
18.5089
78.2592
-98.1337
66.147
-66.4937
41.2378
83.5165
61.2731
16.9248
54.7228
-73.2416
29.0845
23.0926
-81.9359
-96.0119
-72.1875
-54.8893
74.773
-90.7606
-13.6657
-78.8159
-58.8558
11.0995
-50.8948
11.5082
18.3627
22.6184
-52.2305
-37.7715
-25.1366
-71.0088
-45.5818
-92.7334
29.0366
17.9455
10.2636
99.7409
-54.8893
76.2412
-14.2716
-62.1072
-36.0512
88.278
87.8428
-25.3248
-33.4709
54.3685
-28.9943
92.7592
4.73993
63.9623
14.7191
-16.179
79.0228
-63.339
62.1253
-60.9604
39.3447
65.4796
-85.198
77.7466
87.7792
-95.1425
-59.8834
-59.5437
49.8726
8.00843
-2.276
-52.8065
81.1115
40.9215
-31.6949
-96.3194
-39.4382
-37.9818
39.2682
-19.2612
76.5743
-16.1604
-8.08676
85.8932
7.30128
-87.3362
-59.2709
34.7898
-88.4863
10.2623
78.7881
-7.85567
-30.3274
87.5953
13.4448
-33.5848
-59.5686
31.2228
-37.6625
6.70808
-57.3934
-10.5056
32.3346
48.2856
-63.527
-98.6385
-17.3101
69.4387
56.2808
-87.913
45.5888
11.4391
57.2113
-49.7817
-80.2526
-5.94416
96.452
68.2708
26.9782
22.4131
97.081
41.1322
-91.9611
9.11539
2.50013
19.6349
3.7067
98.4088
-43.2704
-45.4211
8.23424
-7.05198
77.4146
-92.3282
40.3649
12.6554
-99.8035
2.80453
-64.3333
-49.1015
-49.557
95.3069
22.4305
-10.9202
63.3927
40.3678
62.0774
-64.9789
99.2931
19.5198
69.4493
33.9128
-27.3507
-82.6554
10.0233
62.0919
-20.7132
72.5837
-85.0113
15.2567
19.0528
20.2301
8.04338
-14.8444
-89.5041
-94.6152
2.52345
11.6108
-57.7119
35.3656
-10.0631
68.8975
-39.8777
-24.4935
-62.1057
-11.1383
-0.634811
-69.2955
-50.2248
71.1992
45.2504
-76.572
54.926
-58.941
-21.6113
-21.4678
-9.98346
7.91257
-13.3967
41.2019
80.6951
42.064
-29.6541
3.50151
49.9571
29.1331
39.7555
-29.4338
-94.0936
-31.6816
-72.3068
-59.6357
-97.9657
90.2642
70.8218
-98.4273
-67.5194
0.931229
51.0582
-64.8768
15.9274
91.6636
-10.3015
62.1189
31.9499
-18.5181
-33.2651
-86.6831
-82.9163
25.4408
-16.0351
98.4228
-8.12399
60.0388
72.3817
-80.3783
82.1696
24.0087
-85.3231
-25.3803
32.4284
24.7402
8.98576
23.5638
36.6531
28.1965
98.64
43.2686
15.097
-64.5482
-61.3294
36.7842
32.3901
-19.6282
-91.7254
-29.4285
-4.65858
-96.7614
-68.0479
-81.1182
46.3631
24.4701
68.4691
-39.7618
-75.7714
-89.4697
82.6985
-86.2266
-10.6764
-39.0006
-82.8132
-41.8918
-75.5785
-48.265
10.7423
-53.6981
96.3082
51.9341
55.6535
-31.5774
79.4006
85.9518
-8.02563
-86.8285
73.22
9.40768
-85.0648
-83.5016
-12.2318
20.7242
-88.8863
87.3595
50.6237
33.3837
79.2595
-85.6056
27.2583
-69.4075
68.1344
-64.7471
-4.24876
-8.96943
50.8522
72.8126
-38.7844
-49.0644
-25.6232
-49.1468
-10.0735
94.8969
-66.9064
-95.3797
-47.0287
-12.0207
-32.6408
6.57001
22.0709
-54.0732
-8.0279
75.14
78.4923
20.905
-49.5158
-12.6151
-22.5018
12.1161
35.9085
-85.5951
3.96521
43.3883
27.3411
-78.6085
27.5444
-60.8768
43.0149
-48.0641
-12.8148
21.0173
37.6832
-58.5317
57.8972
77.8373
11.2743
87.4655
32.2247
0.706802
79.2882
-2.6544
-12.6034
-25.0644
-57.7948
42.4926
-26.987
29.6169
-29.4264
31.2832
-22.6231
-26.1663
23.7477
-73.3758
-27.3626
-83.8354
-21.436
-74.9572
-5.81438
77.6392
81.5205
-85.421
-70.0402
34.3996
-46.7239
-89.1471
-95.1146
8.77686
-87.4065
-41.1027
-13.0617
71.9882
-95.019
16.2286
-46.33
-68.4613
-29.386
-91.3335
-42.9064
72.3172
34.7758
76.8963
-3.24308
93.5604
70.2196
-20.0171
-27.1007
-80.6512
95.7059
-71.3634
-5.47309
13.7589
46.5895
29.6539
-6.32057
-29.8684
1.82986
-45.533
-73.3251
24.9947
86.2108
-54.7643
-22.9296
21.5846
-27.7125
35.401
-15.2904
14.6452
-57.8122
-49.0678
-83.1314
11.1859
2.01903
-66.2724
-40.5669
-7.48087
69.1313
90.0397
97.3691
83.1706
48.8055
74.4249
58.6089
39.2719
42.398
-16.1156
-55.19
21.1126
39.2964
55.3548
-51.0318
-91.4855
3.59351
-3.97495
-6.97039
48.7338
69.5271
-57.4118
79.7408
3.44795
-50.2773
-10.1783
-66.9142
-27.7784
-71.7908
12.7437
-16.9225
-16.7853
89.5158
92.1543
37.5568
17.8425
78.7717
-83.7399
-16.2821
-53.3753
-78.8956
1.63609
97.7379
80.2745
-26.2509
0.824486
57.209
-88.8384
93.5694
21.256
48.8336
-53.3508
-66.9453
50.9604
90.598
80.3485
16.611
-19.6521
-92.963
-29.8283
75.0463
-96.5347
-59.1152
50.6926
-8.79423
-4.5155
-92.0875
85.6649
-30.1789
-16.3831
49.9132
91.5541
-49.7049
9.30762
33.2535
92.1164
0.88797
-75.9927
-9.70459
94.9482
-4.83179
-8.01575
79.211
-99.9894
78.5602
-39.056
-13.4531
94.4899
91.075
97.6279
32.3279
-65.7117
-16.6416
-94.6405
-23.4017
88.412
-59.4354
69.6161
37.8959
-84.149
-92.5724
-64.342
4.7551
-80.9826
-73.9956
-43.213
-80.0979
-5.28548
-33.1597
85.4464
97.3756
-8.09136
8.52642
-96.3496
51.8118
0.715027
17.5411
12.3731
-44.5868
29.516
75.4541
-43.4809
16.1584
-25.1597
-58.4172
-18.71
-58.4242
64.0463
26.5867
42.9566
-27.5796
70.0799
32.4337
-86.4978
31.6562
45.7649
-28.7407
-45.4571
2.35587
-4.92108
91.3969
-92.291
64.6806
87.2459
-58.7677
90.7482
4.4089
-99.6408
-62.8859
76.8632
40.1612
-10.8567
-69.0843
99.9008
32.5091
-20.0645
-23.3101
27.7023
-7.26338
-75.6146
-54.1574
-23.8948
0.194611
70.7751
-82.7312
-63.8826
-75.2219
-54.6122
-68.0396
58.9879
9.53888
-80.1731
-68.5992
52.769
87.7904
93.8409
-16.9131
-57.8286
74.6081
-61.5098
5.19626
-66.4588
27.4297
11.2333
-2.33662
-71.6542
-92.3019
82.2307
52.0211
-81.1598
-52.8573
28.0169
80.0157
23.612
46.8106
-53.511
41.4145
53.7848
-38.4481
2.16743
27.9805
68.3615
-49.1448
24.0651
62.7288
83.509
-63.5043
83.6609
87.95
-24.0248
14.465
-87.0068
76.3389
28.0341
-30.645
-50.6679
24.4511
-49.8638
-60.3718
-68.8885
-8.39561
94.9771
80.245
77.7858
-54.0404
-56.5428
85.3815
7.52082
2.45099
-6.13158
-53.5505
-23.6203
14.3903
57.1458
49.3174
77.8555
-81.9539
0.45488
45.1599
1.65783
63.2465
-15.6361
4.6273
-28.9844
59.284
-13.1266
-19.3552
97.0361
85.4383
-38.786
-76.2219
-61.7481
0.385193
73.9687
-7.41687
-55.2829
59.802
92.4037
29.451
-16.9897
54.3611
47.2598
96.1758
26.7486
-36.7336
18.8215
-67.4577
37.778
-64.9232
34.934
-64.2152
-65.4034
-34.5458
-10.6715
44.2782
-15.5172
3.2206
-71.2548
21.3549
-88.3478
-61.3459
-40.0125
-90.8707
-64.1794
-62.6712
85.1325
22.0067
66.8881
-12.2623
-92.9627
-24.2262
29.7951
-34.2451
42.6492
5.48119
-77.8086
70.0208
39.2769
-73.9678
22.996
94.404
48.1523
96.5489
97.0118
77.146
-7.34808
-99.1544
-88.7503
-27.0699
35.969
-68.5912
-12.9243
-18.5348
85.654
-13.7291
54.1792
-10.5872
61.7402
66.8295
3.30251
-94.7216
13.6847
-1.85884
-41.5426
-7.22755
-73.3426
-68.9011
-20.8095
54.1767
-52.6836
-53.7147
16.9225
15.9729
56.8618
76.0132
-45.4405
80.9183
-6.73526
0.508728
-49.8755
-57.5916
57.773
-9.15173
-13.1573
65.5226
37.6658
49.8578
-40.089
23.5323
-92.6412
-19.8005
12.9421
-81.6933
-20.0623
13.2641
-69.9061
87.5283
88.1819
73.6964
16.1748
49.0951
-58.63
5.23253
-57.0413
-93.3134
81.9777
-0.784119
21.3748
46.4518
-85.2296
-53.2976
27.9328
65.8096
60.9852
-21.4572
-31.5892
80.2555
54.3174
-87.691
-22.8954
-2.2428
-94.6721
45.8578
-67.7682
19.0032
-13.8902
-52.6489
-69.9943
5.00579
-67.7975
-73.4289
81.0949
-37.2793
47.1651
-96.4653
-92.2176
98.1368
-15.3445
-95.416
-55.9704
-93.7801
37.4184
90.9455
-78.7101
-80.1083
19.7451
55.4335
70.6213
-68.4337
34.4422
69.3732
-44.6076
80.6556
-21.4524
49.2822
86.5279
75.2327
35.8522
-32.4777
-53.1786
26.7562
90.7502
37.8525
-12.3645
-10.2231
-19.393
61.1201
45.5383
-38.0303
24.6089
1.91049
-90.3815
-42.2325
-2.25657
73.8536
57.9281
-1.89856
90.9714
-44.2574
-33.3356
-70.9724
-33.6333
-74.1559
62.5422
-53.0493
0.217163
49.8954
-8.12068
-84.228
-20.7214
-63.7579
21.489
-33.9402
-33.1654
-11.2594
-36.1498
30.3055
-55.9637
18.558
-95.4782
98.6192
93.5535
-45.7359
-83.8862
-75.5543
-41.0058
16.3164
29.3319
-18.5069
-45.8862
-8.95937
19.7077
26.8993
97.163
19.2619
-65.9226
39.0901
-13.0697
-63.0637
88.9088
90.7888
86.9935
-99.9101
10.8947
-93.2309
67.5393
-66.4619
-25.8365
-34.9528
-52.1595
-44.4521
93.8803
46.0086
66.3632
-34.4228
55.8046
-91.8329
-35.1237
75.7837
96.665
48.7048
-18.4736
-85.731
-81.1562
8.31207
-98.9385
-59.9071
-58.6869
48.9848
87.6976
-67.2741
-75.3611
6.4006
-25.0965
3.51775
-77.1577
9.80738
32.7666
-91.824
-85.7199
-94.1482
51.1447
-12.0068
1.53516
1.34415
-8.84155
-0.0158463
-66.4104
40.5378
-80.7281
3.64431
49.9618
-92.5985
96.5596
77.1513
82.4157
-39.6471
50.932
14.7532
-43.4782
61.9004
-39.4031
-47.5511
7.85107
-47.0284
-7.09326
-16.4494
-64.3191
-11.806
-23.8205
48.6758
94.4304
91.7181
-94.0779
33.1315
40.2929
2.04605
-12.102
2.50931
-26.1496
-96.7931
-0.959473
74.1191
-80.1147
-88.5828
-11.7073
35.1146
-28.3697
-9.99776
-32.3084
-7.95844
42.5635
-34.7242
-8.96764
80.8726
25.4604
-87.8895
41.1116
-37.0539
34.5001
43.6654
84.1779
-21.7529
-0.369476
-9.7599
-34.7008
-15.7662
18.2716
90.2106
-30.0716
-13.2205
3.8427
-15.7545
14.3597
-56.815
-89.8451
-25.8951
-19.5774
-37.1329
-92.19
-37.1068
-54.2561
-82.3259
-51.7263
36.186
-21.6362
-39.792
16.3176
50.0781
61.8619
-87.2981
-19.1897
79.1006
43.9105
3.03171
-46.1467
12.99
-76.9814
-25.7627
5.85541
11.8483
-65.4606
3.0957
29.3624
93.682
-86.8789
25.7464
-81.0587
45.9845
62.1531
7.1254
-43.3919
-86.9264
28.8122
46.8956
-26.0376
-13.1002
24.1949
43.3337
-89.6527
7.06061
67.6377
-12.6139
-2.44439
-82.8404
-98.7718
-57.037
-20.1587
-8.00897
-6.7165
-84.1121
-71.6267
-29.9231
82.1391
-87.7857
-14.8258
22.4222
49.1615
57.1238
79.5387
6.7489
28.9041
-9.24821
-34.7199
61.814
-91.3715
-80.0057
-56.0964
-11.9932
29.8272
-93.9908
96.1647
40.8723
-59.202
-7.58066
-8.09092
15.8895
54.4015
-74.7011
98.7592
44.958
9.17564
14.9881
-94.5584
-42.4873
-84.4044
14.9129
41.7632
-86.2196
-93.2684
38.282
5.98822
43.9272
85.4102
89.8647
-44.7431
3.23849
29.27
-59.1182
0.419174
45.0699
89.1368
-77.0749
2.03864
63.5918
-12.1798
94.5179
-36.8384
57.0087
-54.6373
-89.7541
-96.8809
-76.5212
-92.1516
8.13351
99.7647
-54.9007
83.2101
-88.5859
-62.8949
-74.6349
10.581
34.6794
56.852
-88.6207
-48.0444
-81.5184
-79.1804
15.456
-31.5273
-78.7294
-4.63809
47.5144
-25.9777
-7.4791
98.7463
29.03
-92.0917
15.2698
40.0319
15.9859
75.4366
63.3605
99.9977
61.8026
-83.3288
92.6645
12.1661
76.2211
47.7952
94.0461
32.8629
-74.0383
37.8521
-20.2394
36.4545
90.5318
-32.6426
-24.856
45.2364
88.3161
-71.7676
1.57492
69.7756
-82.0469
37.1001
-59.4031
11.6438
97.8742
-28.5919
56.1542
-16.8874
-26.461
69.1848
-11.8453
-83.7525
-28.0809
44.6944
-21.2459
-79.9641
44.2056
-37.0177
42.9362
28.0837
2.01494
65.0731
83.648
71.5118
98.4441
-50.7203
-56.4052
-1.61172
-88.2638
-49.5064
-54.4129
82.3477
18.099
-10.3248
71.342
44.9577
3.26047
-1.27216
18.9391
-90.257
50.1175
-74.4401
85.4422
27.8274
94.5081
-2.60873
-44.882
69.0332
41.8016
-39.7365
-51.0468
55.8324
-25.4345
-77.4073
14.8703
-74.2933
-46.7626
60.1091
53.492
39.6891
54.8844
41.7478
56.0972
25.057
-66.9512
-49.6054
82.6355
54.2004
-54.1242
-65.546
-30.9237
65.6711
-65.0196
16.3688
-88.9509
2.39773
98.5913
23.1731
70.1211
-74.9608
-65.7832
-17.5087
-68.7003
-46.1918
54.2798
81.5302
78.6088
-22.1536
64.1053
17.931
-33.7251
-17.112
-1.92976
-33.3515
60.5487
41.4672
-61.3706
-55.0433
86.5316
-63.2943
12.5629
-54.914
60.1476
-99.7009
-72.4249
-45.5049
-1.55939
-8.6738
19.4274
-83.4621
53.3743
62.3773
-25.2917
-78.3309
92.757
-32.2804
63.9169
50.4241
76.9669
-16.5636
15.9179
-68.3184
-26.8441
31.4858
-18.8568
73.2751
-65.5765
55.499
-28.1397
55.8906
-47.3982
-20.944
-5.95198
-34.9872
-29.9584
88.9551
68.6375
-9.01095
-47.0267
21.9363
83.5144
26.9419
13.2633
-83.5835
12.0897
-7.67914
-63.2741
-47.8493
-3.97893
-73.8013
21.2533
4.55985
37.3817
73.7471
67.1641
26.3359
28.2314
85.217
42.6446
-72.7309
12.4593
3.79395
-34.9515
-30.0782
76.2634
-41.2637
81.4908
15.8468
-62.9745
-12.5152
57.0793
-68.2443
18.3203
-90.5736
-69.9431
67.1539
56.0216
-44.4991
-95.5624
81.9337
59.7555
-89.7699
37.6738
-17.3741
-6.74342
63.3391
-60.0732
-49.8316
80.3708
-7.41496
-23.2324
-66.648
47.3192
93.4713
-28.599
-63.979
-95.6278
-17.0357
81.3898
-82.3861
-63.4708
46.4691
7.06342
-85.2162
-28.9782
-35.9835
25.5543
91.0664
-46.8985
-23.3907
73.0454
74.8323
-94.1069
-55.1119
-65.6978
17.3841
-25.3919
38.0637
-63.6132
53.0512
30.9975
-24.5812
64.3877
-35.5858
-90.429
-39.4234
11.2583
17.977
-61.0495
-59.5945
-4.16434
9.95289
78.1501
68.8476
-78.1366
-42.3681
-81.3501
-50.8182
98.8677
69.1344
-57.9337
-92.0304
45.1105
-28.5775
97.9123
11.6959
-26.9374
63.4899
74.6718
9.30502
-10.4771
-88.4286
-19.4103
-29.4699
-99.9204
38.5987
-71.3294
-32.5077
42.6138
9.98527
22.352
70.0235
84.579
-80.6349
-31.157
-55.1724
-81.9706
-80.097
10.0683
17.6731
31.9675
77.2044
-25.325
-37.3418
-4.22154
48.6133
44.404
98.0643
-33.2512
-53.5481
17.332
99.0205
37.5547
-18.0023
35.702
43.8845
-33.8863
72.6773
88.031
-62.7062
97.3346
-97.2642
80.2857
-38.6904
-69.7751
89.8764
-46.6968
-33.0325
21.9482
82.4701
75.3619
7.2799
-46.8498
-5.41455
-2.41165
67.3236
-92.1089
-74.1869
-58.755
-95.7344
-7.96254
-26.3617
-61.7168
-73.9191
40.8907
50.9539
-17.6517
-71.4145
-62.8425
6.91321
-9.73058
58.0819
-17.8584
54.0204
-79.4229
-60.6283
20.5712
-60.1241
93.8243
-95.0247
-79.4378
88.3629
-85.6777
14.8614
-24.9368
87.5836
17.7464
64.0227
29.35
84.6741
-82.434
-67.7461
-8.02182
-22.7509
25.7067
52.4226
67.0253
94.9779
94.2104
-6.18504
48.0965
-41.2474
-44.76
-81.7071
-51.1358
-39.9308
82.9561
42.3833
-64.5027
-96.2799
23.881
-31.6704
-85.0123
-2.52013
44.1208
-61.6987
30.1337
57.6526
-33.3999
48.2435
29.2056
57.7545
80.8442
-51.2532
-12.4107
14.2103
33.0305
-57.2513
-23.1249
-59.8492
-86.295
40.3953
-75.6831
-6.44317
-90.2885
-78.1186
61.4719
-42.4161
-87.6367
89.4793
78.4856
-93.0266
-97.713
-61.5325
24.0677
-93.6658
-40.5505
67.1089
98.7359
53.89
-71.0223
-71.7513
75.6497
44.1937
-37.0269
89.5299
-70.4093
30.9735
-27.8928
6.47401
8.70872
-32.4873
-13.8086
-81.1152
95.9964
10.8149
-33.6986
27.6449
27.4949
-94.1018
30.2456
-61.9652
-48.7299
-3.5931
10.6618
-7.14342
-59.5465
1.14558
53.7395
-1.01199
-8.52785
72.2914
1.02747
68.5245
91.9534
61.1391
-35.952
-44.6662
94.4063
86.3294
-62.1206
-60.2265
-27.5105
31.236
-16.2435
-5.11245
75.019
43.8367
-36.6448
-89.7903
94.5282
-65.3877
29.026
40.0349
66.9559
-71.5643
18.5818
-95.1531
-38.287
-89.7319
75.4321
-13.4788
61.9937
-71.2507
89.676
-16.0724
70.8748
-7.82091
-45.995
-38.0664
18.0105
-97.4351
7.91111
-38.0075
7.47333
4.1989
-29.1408
30.4911
64.4442
-86.543
71.1444
-75.7223
-64.7144
-54.7265
11.5948
74.0659
24.9055
-13.4233
-4.96374
-25.5314
93.8564
43.6252
8.83112
24.6629
-90.3481
-80.0237
41.0622
-66.7054
81.8849
39.1544
67.9131
15.1573
-50.6264
-77.7999
17.4852
74.2811
41.513
-91.2183
94.6913
77.1411
-88.7924
66.007
-19.9752
76.1972
46.9896
-45.4678
21.9815
43.6756
55.5363
-1.88147
-21.84
-65.1214
-96.0376
95.6185
60.1436
33.1865
-35.2658
87.7362
-18.1707
5.71194
0.612808
99.545
52.6542
-40.1621
-3.81302
-85.3458
-6.51671
73.6837
1.15465
6.21121
-8.13094
-56.7619
2.43147
65.7933
-12.3993
5.75758
-32.2199
80.7673
55.3939
5.17953
52.2067
38.5593
66.7163
-98.6289
-55.5375
-18.1728
-30.5883
-97.9562
50.9396
-58.3876
78.8374
19.6889
-87.6847
83.1535
-38.9059
-91.4353
46.8754
34.8521
-40.2303
50.0684
-99.9624
-67.836
80.6844
62.0529
-77.7041
27.7278
21.7328
63.0123
47.0944
-83.8335
10.0996
-56.5937
30.2709
-37.5193
13.8269
-11.2756
91.5364
51.8897
-89.7863
-37.5922
-11.8436
-54.8935
4.35912
63.7595
5.25055
45.9472
34.3092
35.3001
88.6931
65.6505
-11.4006
-9.36636
-20.4217
-26.871
-20.3556
83.7127
-39.9123
-5.37288
98.028
-42.6358
19.6537
-79.8701
23.7985
-17.8519
-37.1273
0.749718
0.434944
-89.934
79.7207
65.7714
20.3155
42.5903
14.4938
-3.0038
-84.8441
25.7325
86.0035
60.4885
29.8275
-88.4811
98.7676
-12.9809
30.4909
60.5545
-60.8237
-64.7007
-24.8379
-50.0314
-77.4421
30.4205
78.3016
14.5918
44.2074
-5.49625
24.5317
-95.9207
61.2863
38.3985
-36.3332
-51.592
93.9777
83.4838
-87.2975
-8.64442
-86.8837
-53.4784
-11.7805
4.42902
38.5977
-89.0655
76.5568
89.8326
17.0563
65.2386
64.7154
72.0697
76.1437
-52.6719
-56.2132
25.6214
18.5206
76.4009
70.3562
77.2101
70.6263
15.9408
-82.9714
99.2307
-29.2653
-62.3113
-66.2564
27.8807
-8.73244
33.9247
-26.9753
26.7193
70.8454
97.9595
5.75934
-2.95237
-20.5202
-82.9432
-26.7871
-11.4322
58.3325
-5.23688
-16.1337
41.3018
-40.6192
-86.2193
-88.4912
-71.0521
27.4769
3.96779
86.532
-57.448
71.2907
-17.7383
71.7961
77.4255
90.0873
96.8234
-89.6159
25.7414
35.0207
-7.41016
57.4043
-6.50919
0.0748138
57.5105
-21.1985
-83.6905
14.4619
61.9152
8.11837
45.4593
35.134
97.2338
9.21748
-81.847
-3.05997
-28.9515
11.8883
7.01858
-38.7657
65.5509
-85.4625
31.4423
50.0397
18.1806
-38.9915
69.9653
-92.7295
95.916
60.9603
-40.0162
48.5782
54.2613
-29.928
0.79184
-91.5557
23.4553
12.9509
66.4958
-4.65891
97.7977
86.8818
22.0618
-7.20862
44.6866
48.0428
54.821
-22.5225
63.669
84.1973
-96.8709
91.0617
73.8908
82.6555
-8.42049
76.8471
-31.3168
58.9633
-4.25849
27.5847
15.6846
11.2639
-88.1395
39.9495
30.7295
71.0882
-20.8206
68.7575
6.6548
47.234
61.457
-92.309
-36.597
-86.2163
-36.7667
62.1897
23.0513
22.6897
-54.796
43.8144
-10.8408
-0.824554
-58.2577
62.7747
55.3174
-80.3736
-39.6434
-87.1802
-37.0333
-18.8324
83.6836
70.8035
-5.88934
17.8583
-56.3933
-2.83447
-38.9054
-83.2912
-74.9023
-82.2496
31.097
47.6557
-51.0331
86.7917
-92.6913
-62.1072
-36.2766
99.9897
-73.5904
-34.4486
22.8326
-51.6561
16.1208
-58.5446
41.0034
-55.1931
-30.1407
24.6294
-52.7791
-59.0157
-77.5698
83.6741
-89.7576
43.7718
72.4313
-47.3098
64.1831
-74.1966
-22.4107
-56.1147
80.2661
32.4596
-50.8649
-85.6726
-99.67
46.6324
-48.9348
-47.6229
1.91557
-4.95983
40.1099
-72.4069
56.5835
-0.78241
50.0365
-35.8605
92.5814
15.2156
-71.8904
-61.8583
-52.2213
-83.0911
87.7083
-87.421
-84.3744
-81.0532
-61.6048
7.74038
92.5277
-86.0942
15.5061
11.3007
-69.094
-63.0067
47.1413
-95.967
82.4639
-28.8979
-86.5186
81.29
40.988
85.5584
-19.373
-1.66826
-38.3991
26.245
99.383
-69.238
-83.5039
-49.6715
-29.7467
46.3733
-3.14162
-1.28658
-23.5719
27.2245
-38.6381
9.11208
-53.2831
70.8961
-48.7878
23.7285
4.96824
-98.9175
93.0277
-83.2079
-75.6476
-9.41328
-9.04263
20.5219
-88.4044
-13.3705
82.5168
59.8004
66.093
25.7148
-10.9618
-35.6524
-9.63889
-0.816795
72.1578
-44.1387
-39.8357
81.9647
-19.5061
-38.8829
95.6335
-88.7364
7.27193
19.3443
-80.6709
-35.4842
17.7481
92.9865
24.3963
28.8505
89.9742
-2.75385
-83.8651
79.9648
-31.7491
-7.43866
-21.5054
-40.5337
-49.6799
30.3679
-7.43681
9.57159
69.7155
-92.0665
38.3117
-95.2905
52.7087
74.4775
-56.0488
-11.52
-16.7393
62.7579
-26.9923
-58.8524
67.4165
68.7211
-3.71435
-27.018
-90.8946
-65.7175
85.8779
-50.407
10.0683
17.5588
-88.4842
45.3667
78.3831
-15.7435
-1.02566
-38.2381
-67.0209
-19.6632
-79.7675
-52.6784
33.853
-33.0735
-67.1981
1.45785
-97.9208
45.1035
53.7202
74.8088
-87.8657
41.9986
70.453
-96.3232
95.9129
7.27298
37.0647
-52.811
6.08635
93.3768
-15.4345
-8.214
-52.7295
-24.5338
60.1683
47.7899
5.36864
30.8005
64.298
56.6673
7.30038
97.4979
46.8033
22.7964
-60.712
13.9097
-20.3231
29.087
65.6243
-52.98
-34.449
16.0895
15.3857
-13.4249
-31.4983
8.75169
89.572
36.2179
-85.2106
65.4376
9.58512
97.0402
-45.4721
-49.4998
56.4414
9.88654
-36.9964
1.8738
93.0462
26.6646
-47.3865
-25.6495
-90.9093
86.8596
50.2435
42.9372
44.7977
-85.8847
-64.2008
-23.1303
49.224
-92.3176
17.7621
-72.9158
-96.2074
41.8848
-42.4697
11.1913
91.9409
50.2982
-37.657
99.0749
-48.4177
43.5069
21.1916
-32.7784
92.79
-78.0779
-55.9216
-74.3796
-98.1613
3.6055
-2.38802
64.4539
77.2598
-95.5649
41.4291
99.0867
-49.5544
-60.219
99.0654
-8.11634
-11.3677
-56.5289
-80.4504
70.7572
15.9332
-10.7244
-44.7003
-77.1816
8.12524
-38.9796
69.4986
63.1792
53.6054
-53.9263
60.7017
13.0337
56.7517
26.0286
62.6586
-96.1737
8.92088
-66.6432
-72.005
11.299
-97.8168
-6.68914
-24.3911
58.0488
26.7026
-9.11169
59.7399
47.7791
23.1786
-37.3697
-71.9974
-59.7537
-81.2193
-53.4007
95.1824
-68.9476
-1.74344
97.985
34.815
-64.6384
23.3321
-57.1409
32.1488
-74.7112
-71.1263
-19.5017
35.5678
-11.6955
33.5726
54.2469
-72.4797
34.2768
90.541
-77.9732
-96.164
-29.0232
7.41322
-5.96154
4.39066
-6.29203
49.8066
-99.75
-97.5778
9.80043
-84.1312
7.1572
90.9457
-75.9787
26.5798
-73.9975
-75.6705
6.38712
-51.6777
53.0132
-6.84061
29.8381
88.4763
20.7726
-74.4039
93.4337
-59.1007
93.9628
32.8897
-22.0436
-86.5769
-97.1877
-34.2066
90.2406
73.4535
-66.5447
-16.5432
-42.2169
60.1131
-79.6442
19.6283
93.394
73.2849
99.7133
80.9695
54.0229
-36.7833
-16.4509
-90.5124
-42.4754
-83.7128
38.4143
29.0402
79.1133
57.0006
8.69704
-28.9182
-28.1381
83.1451
19.7953
99.03
-2.73257
73.6404
73.5121
-82.8734
-52.8724
-27.2073
-72.4859
-70.429
99.0885
-19.3368
7.18102
91.2144
40.043
2.93597
-55.1104
-41.1872
-32.571
-20.6439
38.5468
56.8209
-10.5691
-34.6734
43.9391
84.8715
35.6257
-38.6227
68.7707
28.5292
90.9127
-29.9009
55.471
-98.5233
-80.8675
59.2851
5.36707
4.43817
-7.58757
75.7
90.196
-75.6646
-95.3199
-42.2888
51.3757
71.8962
-39.8738
40.6892
63.5166
-76.6518
-87.1461
-64.082
-26.7456
86.9898
37.9313
-88.5263
-61.8209
-23.5384
-10.4149
-43.4862
-72.7037
68.4862
47.6335
-24.0378
-4.19125
-42.3471
72.6053
77.1884
-94.8307
-19.9992
73.1455
-43.8695
84.9234
-92.8924
-42.8374
32.6077
38.0192
-11.667
-86.5849
-32.4243
45.4294
-67.4848
-17.3661
-71.3003
56.3007
45.6327
-50.6485
-49.8185
-99.7364
-69.1042
-33.8579
-49.0814
88.7284
58.354
-44.244
-9.34801
87.9091
88.4458
-90.8403
47.7701
71.2797
-1.68462
86.5463
-16.7042
52.5766
55.3356
25.0442
-82.6914
6.03424
17.4449
-3.60619
-9.23727
-50.6844
-53.4053
16.6589
-13.8836
58.9379
-30.5186
74.5686
74.0534
15.2887
-42.6182
-84.5502
-35.4748
-24.1702
-27.8459
-5.94279
-80.5949
42.2959
66.2671
-48.48
-3.16507
4.6338
80.4893
-16.443
42.9992
86.9601
-61.4004
42.7448
11.8967
-52.3353
0.517502
97.675
24.3283
84.9124
-78.2146
47.5696
-96.9376
-30.1847
86.3649
-64.9498
-11.3005
72.0258
-62.9379
2.61237
-93.6936
92.1432
51.0091
-90.5681
21.4329
23.4456
50.4004
79.2512
-24.9588
-81.9822
-75.5324
-72.6546
94.9305
96.0632
-66.5879
57.2495
-7.27117
-6.61234
66.3446
54.2223
-85.7135
12.7553
-21.592
-96.6688
87.1472
82.1469
42.2682
1.21487
18.3032
21.8637
63.4148
11.9216
-34.0456
-4.54984
-69.1539
-68.9909
69.2365
58.2497
3.53677
42.4931
-18.619
69.8199
63.7841
20.0043
12.1072
84.9958
-76.1487
-31.2205
76.3545
89.809
18.9852
85.0278
62.3337
42.1397
42.7007
70.0258
-77.1187
65.3002
-98.7101
-21.4267
80.8893
-93.8391
46.42
-18.4025
-91.4224
64.2372
33.8422
-13.6169
-59.8177
44.5223
85.6459
50.8105
-28.1656
21.3752
53.5268
24.9309
13.9137
47.652
87.3922
0.0896606
-93.1242
62.1149
-35.7936
16.6953
-1.81297
-70.495
-9.56992
-41.4842
-24.8241
-18.7935
-61.9536
-54.7299
-44.9006
-44.6116
12.3267
-25.2656
-38.5437
-4.31382
97.5897
-9.21998
39.7959
50.5243
-38.4446
60.9529
34.6148
-28.9425
-36.2739
-54.6612
-91.0308
45.0303
25.1571
14.8244
-46.77
-63.2204
54.7189
59.9009
-45.6245
-10.9327
53.4472
86.5858
47.0674
61.7722
5.04265
-48.2371
78.8015
16.3369
-25.1558
6.53379
13.3938
-89.8553
1.49115
61.89
-14.756
-4.30962
-31.6348
-86.6942
-70.1544
-84.6027
82.2367
-47.3333
68.4882
80.4651
-23.0166
-39.8646
-5.04366
31.1662
10.975
57.3343
17.4881
-78.432
-7.17105
76.1384
58.7884
56.7896
62.6114
-90.4218
80.6441
-14.9187
61.4669
74.0844
-64.2984
-63.7032
-59.7719
13.3175
26.7281
19.4572
16.4035
92.9804
-79.0573
83.4441
45.4623
84.6123
79.1305
-53.9356
-95.713
-48.5851
31.0245
27.952
-10.2414
73.112
-5.96093
14.6714
-18.2535
12.9579
-16.9367
-54.5347
34.5876
-86.3233
-36.1507
14.7044
-63.3906
-5.09125
31.3489
80.4082
20.3115
-24.4739
67.1872
14.9903
-57.8245
-56.7249
24.7358
-64.8279
38.0687
20.6173
-84.6577
-42.2829
-48.4013
-81.4964
90.7612
22.5486
-25.7946
70.8965
-43.1998
-58.2908
-92.8317
-22.7233
88.8352
53.6511
-85.7916
99.9946
8.59114
-8.7504
-67.9211
49.9192
-8.22608
-55.7126
37.7005
31.6529
-10.3016
60.8526
-50.8643
-75.4592
-42.8565
-88.4221
89.4873
13.6219
-56.3463
-11.7357
-41.4346
9.40268
30.8127
69.4287
88.4021
-26.0838
9.18562
-17.3507
-13.1381
-11.9121
-6.08827
74.3331
-83.1718
-68.2243
-45.9848
-66.5343
-41.9792
55.5325
-65.4175
-71.9117
-20.2481
90.4614
-15.3683
-94.3229
-84.4169
5.18972
23.6543
-42.0385
59.1465
74.6211
-43.3278
-10.6534
-52.4077
-15.9225
-10.2756
98.068
28.7477
-37.498
-28.4266
33.6356
-86.944
-67.12
-86.2572
74.3985
16.3814
-77.1396
-85.2115
49.9101
38.6134
-23.919
-7.33383
-59.6988
41.4157
73.368
95.4053
77.8046
62.3406
-41.4571
30.5313
-60.8962
-81.9766
18.9757
-74.94
82.5591
-28.4038
17.4642
-79.2001
84.6964
92.1627
-21.9771
31.7565
-68.0266
77.0978
-16.4585
-17.6909
68.4673
-70.1985
-26.2295
-38.5677
-7.66454
-18.0129
57.0479
4.48695
12.3029
-25.6141
-96.2508
-87.8443
0.471352
-77.9291
45.3704
-60.3646
51.6016
68.468
-58.8456
-17.514
42.5126
-89.7832
14.1417
79.2436
47.4072
-26.5388
-38.2478
-30.736
20.2693
65.8607
-79.598
-4.32611
91.0832
34.7021
37.7645
-91.8567
-34.771
3.8624
-84.6286
46.6382
48.7617
-61.4135
23.1525
-75.363
-26.4655
-4.884
-85.4723
67.4783
-92.9294
-64.4405
-50.9853
89.7881
68.5251
-98.2026
-90.631
-35.5777
45.4697
9.03749
93.194
-89.4023
15.8143
-8.49123
87.9605
-47.3305
-83.1997
63.2313
-71.3627
7.39973
-32.8871
66.2234
17.3909
89.2315
-85.7987
-19.1854
-48.8467
33.4032
7.86996
70.4279
81.2845
-51.1284
85.792
-94.0152
86.279
91.2166
76.6219
-15.7498
93.0444
-2.20058
14.9432
-49.1988
-84.3259
-65.2654
84.9725
-67.0164
55.9489
-66.8887
1.46037
-55.4925
-62.2395
-58.7071
-91.096
-50.1182
63.5395
-91.2736
-34.9201
97.5882
-35.5995
78.5272
7.22529
35.4207
-84.2976
10.7814
2.47411
-17.6885
-91.1267
33.0941
12.928
80.3334
-36.9712
24.4743
-61.0075
47.2472
83.7869
6.86906
48.2748
-44.9986
-91.6397
10.9631
57.0998
75.7935
61.6417
12.6637
39.4762
75.5899
39.1016
-19.6238
-17.2466
-63.2214
37.8296
1.35409
-41.9098
22.0826
-58.2512
-27.3383
-75.2144
71.7132
83.3988
84.4934
81.3183
-84.194
-48.3727
-0.0807266
43.1854
17.1275
61.1203
49.2042
-25.7303
-49.8582
33.6323
57.7925
-81.7497
33.4417
54.087
40.3646
8.25391
-76.6555
50.3713
-9.16746
-77.3959
7.7966
37.4147
28.9137
-47.2189
-7.89202
-41.2006
-57.6902
0.11042
55.9382
-47.3037
-33.9395
-20.5008
43.1894
84.3826
17.949
67.9799
-61.6867
32.1198
37.5041
-69.0025
74.3083
99.1756
44.019
27.1173
-39.0944
-59.0503
-57.6541
8.04714
48.2455
62.9137
-8.99191
72.9669
-45.135
16.0809
71.4258
54.1925
13.0842
-93.5049
62.4536
57.1528
-33.2902
92.0626
95.6369
-31.0263
-59.3859
-98.1309
-86.3281
83.5711
-21.0037
-9.42244
37.0456
24.6878
-71.5497
64.8651
-11.4207
52.234
96.0795
7.96584
81.7803
80.7946
-84.7944
60.6934
73.8542
67.65
-5.65813
-96.0974
90.9365
-29.8733
-79.8712
5.189
11.5954
84.5375
22.466
-13.5022
68.9128
17.0323
61.2477
-10.6783
-70.1777
-76.7461
-71.2533
45.756
20.1681
-35.0723
-60.6312
-29.1779
6.77177
13.0332
49.5468
-67.6592
52.399
70.5149
-56.5979
-40.4701
18.7213
48.4406
-58.088
-84.9691
-76.4037
83.3367
40.005
-36.1966
42.9586
5.78111
-36.9444
75.6801
-44.4455
5.28239
-18.8074
-96.3597
83.285
-28.7846
17.0172
7.35241
-28.0635
-62.435
54.3242
26.7978
-9.20773
45.7735
-85.3523
84.667
-1.41513
15.8759
26.507
-97.2465
-21.4968
-96.5034
66.5429
-13.7667
22.671
31.5951
19.4133
79.4146
-78.5308
-67.6746
-6.98875
-60.09
67.3297
9.93758
20.7252
-72.08
-48.3943
37.4926
-61.323
-56.3749
-92.6488
50.8672
-75.3145
-10.7637
94.7776
-71.8876
-14.2521
65.8364
-87.0373
-35.2693
29.1308
0.564171
81.9383
-63.3051
31.9178
42.4752
80.3428
-78.5859
7.30803
26.1399
-66.573
-92.5227
-28.4935
-91.009
11.8225
-98.5563
-35.0246
-57.9572
-87.3184
39.7372
62.2933
-36.0308
30.2825
-42.3531
-28.3502
-81.356
49.8762
68.489
95.4432
-85.9976
37.601
-40.4212
41.1052
55.0658
91.3208
28.7832
-40.9705
8.0932
22.4143
-82.1587
-41.731
26.7165
24.4553
20.8741
30.7726
-5.74434
54.9568
58.3757
-79.0453
85.845
-3.18343
96.0917
13.6522
52.698
95.3883
-8.94728
23.0133
-15.9781
56.6177
-26.2612
28.6037
-58.1267
64.9257
5.68642
-28.3568
8.14663
-79.5395
-20.8129
-2.30936
-13.5158
40.4329
-44.5397
21.7136
-59.1696
-63.7998
-83.6481
-72.9612
-59.2424
-87.3854
-85.5993
-66.8806
-62.9775
-63.1565
-71.3327
-88.0421
76.7767
-14.26
-67.2541
60.2603
-6.01534
-99.8227
80.5851
-6.6089
-75.8216
65.8616
-64.6246
53.7702
-84.8144
-75.8655
-71.9569
20.8586
-29.0113
7.83871
-54.745
-98.9133
-35.0636
85.9895
26.0527
67.9988
56.3347
17.5259
-42.4707
-4.35188
57.8936
18.1283
83.181
23.3414
98.6382
12.8991
-4.1361
84.5596
-7.30132
86.7962
-16.8365
28.443
41.6272
28.7983
13.028
-38.2228
-11.3381
40.9527
92.7454
-28.0586
19.8389
32.1683
52.1869
-95.5609
-91.92
-98.8019
36.4905
96.0345
51.4126
92.1063
29.9929
91.1729
-56.399
-97.6024
-3.67448
42.9834
22.3803
-54.174
98.1016
-6.19315
-88.1167
22.4727
97.9704
-12.0631
54.7574
-93.1933
99.6376
9.305
-10.8684
-65.318
0.323555
38.0235
61.7178
90.6394
-23.5602
24.2564
77.7935
75.3405
47.2481
99.2049
-63.6883
-9.24045
95.7613
59.818
-39.4398
-65.0063
39.2857
75.5612
-42.3313
-61.4312
-74.1572
40.8334
87.4339
-97.8255
46.1595
2.11619
-33.2191
86.9222
-98.7095
-10.8815
-85.095
8.77204
31.6078
32.1732
-65.8147
52.153
-63.8383
70.3603
-54.6097
-24.7785
-52.7344
93.5178
-45.7038
55.5823
-28.4327
-68.389
-13.5502
61.8998
-49.377
-79.3084
64.4285
49.2434
34.3394
-58.0364
-17.978
42.9988
80.8399
76.0492
-40.6172
-52.5065
-76.315
-25.5662
-91.2148
-47.8803
75.123
-8.0592
-51.0549
-80.5406
-45.0853
50.9745
-71.9484
-36.8517
33.2074
-82.9195
-28.4265
35.6767
18.1112
-5.252
-70.3028
20.0941
-79.0628
-7.90369
-37.2934
10.4127
6.5207
-6.57723
56.456
56.0634
57.8221
16.1624
41.2158
-86.436
70.0276
-46.6554
62.9868
19.446
28.3468
24.0842
-17.1022
-37.1158
-5.3786
1.90771
62.8653
-22.6713
-37.3303
-10.3045
13.0053
-20.2858
55.843
-46.303
-14.2048
60.6058
1.65623
36.3207
41.7576
20.0768
31.1017
-73.1196
79.6887
-71.6528
-69.1358
34.0836
43.7748
-76.7693
-61.8345
-52.7916
-67.9203
63.1739
-35.8281
37.461
7.56389
-73.7539
18.9764
-64.3854
74.4202
-19.0663
-46.9679
10.6963
-26.9449
-63.4679
94.9801
-69.1106
58.8129
67.9996
68.4609
22.1748
92.4155
28.1625
-72.5487
73.4916
-25.8906
56.3337
0.489441
26.0721
-6.01723
68.2865
90.406
52.8242
16.6208
-54.0774
-79.5171
-43.632
77.2373
-72.86
41.4307
-73.4067
53.1558
-9.75362
70.819
55.6163
-57.4114
86.4793
57.4835
-74.0949
87.5853
45.6772
96.081
33.6238
-84.7351
57.2829
-46.2019
84.8045
-90.3493
98.7198
-15.5703
-90.7605
-11.8734
43.3376
-25.237
41.9797
-47.1974
-46.8381
-8.42014
82.6386
-93.3535
6.9017
-3.16087
75.3404
45.4825
24.2799
71.751
-80.7102
-96.5275
62.6255
-52.7052
-16.8864
-9.98341
8.84391
39.6001
-41.7647
60.0608
41.3653
26.4891
1.81085
34.8584
65.4054
68.2101
7.31341
-83.5454
53.1946
41.7744
-97.7012
-63.6427
-42.9591
-13.0941
-71.9649
86.7068
81.7622
-22.989
23.3437
-62.1297
-14.4765
94.223
5.94088
48.3064
85.4054
8.41563
41.4957
18.6504
57.3471
32.2421
92.1671
51.7489
-55.9716
85.2296
53.0706
-42.5286
21.6361
38.1609
-28.7927
81.7728
-44.5494
58.6058
-11.9048
-83.1986
80.6826
31.5973
56.1471
65.177
30.6094
52.5846
-10.6832
46.7469
75.9404
-70.6273
-33.6644
2.4964
-43.0434
-29.8234
-42.3745
11.2831
34.8814
51.6946
31.4346
-78.5569
94.476
58.8385
97.9177
-97.7608
-66.2663
61.4624
-1.95196
-6.52535
-71.6505
-29.2636
-33.5009
-49.3507
-37.8072
-25.8668
56.6791
5.58145
7.36048
-92.3589
-76.1113
-2.75213
-55.1047
55.0287
66.6889
40.0661
-8.46131
-9.31577
29.8758
-77.5706
70.9954
19.0256
-36.8502
59.2176
69.7656
-49.6987
-86.4749
16.748
83.7078
77.7747
-40.9059
94.6124
-49.5333
93.511
38.7836
36.752
90.3749
-69.1461
61.6859
-44.3148
0.314438
84.7895
57.0562
-57.0849
-26.2231
67.9617
32.0925
-20.6093
19.1836
19.0157
-2.8365
-73.116
-61.2707
23.1134
66.2937
-1.05116
-66.7396
-92.4595
33.3413
-33.1405
8.30603
-0.557671
27.1441
10.6886
43.9419
-68.6665
-77.1412
87.9331
91.1438
54.5108
-35.9817
55.1677
3.74918
12.5196
16.9785
-42.2816
-27.3985
-86.6881
33.2038
56.0426
-91.6362
69.7689
5.73232
-56.9366
67.003
-80.8678
55.0104
-40.5728
92.8112
77.7104
78.2349
94.6884
28.566
-91.2283
-73.9857
-77.884
3.06152
54.9038
-32.5828
-19.7702
-77.3969
-9.39168
-45.8756
-31.4949
65.3614
-71.2988
80.6344
22.9236
77.4193
-14.8283
-19.8418
-81.202
37.2629
77.0963
-42.8866
5.50607
-59.5847
-39.964
-74.6368
-19.9481
-67.9246
-8.38883
8.9447
-66.4841
2.4876
9.1807
99.9684
-30.9472
71.2221
30.458
-91.8698
-55.5998
-66.3678
-44.3997
-25.4841
88.3909
-13.8149
12.2614
77.7858
-53.8525
-99.6359
19.9093
15.124
-11.1353
48.8889
75.5203
69.1329
-82.496
89.7753
53.3673
-56.1515
61.2144
30.1855
-71.7609
-85.5375
-29.1683
-30.8796
6.60292
-24.7707
78.9474
69.4185
-83.9158
27.512
-6.55634
7.50467
-69.0645
32.307
-15.6302
-97.457
40.2831
37.47
-41.3261
31.552
95.4162
60.6317
37.6867
1.11151
81.0731
-5.12333
92.1997
0.0283508
76.3919
-81.6819
-28.4775
-20.6048
95.018
-32.4323
-89.5066
63.2023
40.1529
50.0452
-90.193
-73.4906
43.7144
-92.175
15.0713
-96.2617
-69.8763
-10.6355
49.003
-6.31802
13.0138
-76.3214
67.1484
-37.5223
-36.7581
7.38455
-87.9031
12.627
22.4515
-58.3971
-80.016
-29.1045
39.9696
-30.3042
77.9229
50.168
-27.1088
-18.0791
-55.2388
1.42094
81.6704
34.1769
10.8613
-54.9889
0.797104
-3.03632
-31.5457
11.3871
-17.0521
5.90312
13.7788
-19.691
53.5555
-93.14
-4.78313
9.94002
61.7557
-72.0719
88.0679
-43.3257
24.1958
59.0554
-56.5439
67.0318
4.02274
10.2126
42.7691
20.3846
4.67148
-86.4169
-9.06937
-29.0357
-3.10828
-40.9248
-23.1711
-36.1906
-56.1125
-82.903
49.2906
27.7814
-78.1518
-97.0507
68.5633
-56.9709
89.7347
-29.1986
59.8085
0.886597
-98.96
-20.4977
95.5697
40.4911
-66.7507
-78.4172
42.8799
82.1621
97.7115
36.7745
69.2933
11.7895
-53.2768
-22.9877
45.7741
-74.8289
-49.623
-14.4989
-83.1567
-14.6656
-84.7245
34.6942
-95.0051
48.4902
-25.6988
79.5644
38.849
-64.5823
-34.9256
5.98365
-32.7946
20.4731
90.8912
8.01369
86.0101
-27.6336
-37.491
89.5997
-97.5966
94.6779
52.0595
-36.6567
-89.6961
77.4207
10.1096
-87.8337
-20.4034
80.0432
86.6216
48.6647
-91.5288
74.9491
70.1036
30.8069
-28.9284
0.403381
-20.41
-30.4823
83.6699
39.1837
-40.4219
29.4689
84.6824
57.3278
-92.233
40.7009
59.575
76.479
-18.2198
-19.6272
-74.6812
33.5665
-47.3879
-48.504
-7.55827
-31.8022
-99.8717
56.0505
40.1817
-65.573
-84.947
95.5054
-40.9707
4.91569
18.0724
-57.9195
-53.6846
-76.7819
-72.9743
-79.2401
11.6975
-0.0851059
-30.359
-43.4677
37.9077
-86.0855
-39.4603
-9.3321
-44.6263
-33.9519
-30.0753
-75.7015
85.0648
84.7163
26.8965
49.2218
71.3868
-1.88422
-68.158
67.9408
80.5446
-87.5922
37.0791
-11.0701
-54.7135
30.5688
-30.1597
-93.7848
-41.3822
89.5718
33.5429
-44.8266
-0.46154
42.97
-2.80155
-85.722
70.6503
20.4811
26.375
84.9718
-79.1363
-43.4698
2.70934
-64.1339
-98.8363
57.5646
88.0002
19.0035
-8.53227
-1.87914
17.4092
-3.1139
64.6532
26.0301
87.8392
-86.4941
93.4845
-5.70873
53.3046
90.5851
63.5314
-27.3491
-56.135
-61.0278
-93.7133
-38.8762
7.64444
80.0875
30.6432
20.0324
84.031
-91.6094
-79.7046
4.81434
-85.4434
-46.4228
-28.2927
84.3632
92.1685
76.0107
-88.8284
61.7284
68.4796
-64.0926
-4.88627
76.4712
51.8296
-99.3691
-96.572
-84.954
-21.1513
-90.6257
54.2252
-37.334
-73.2535
28.2677
94.9867
41.1019
0.253067
53.2678
71.3487
-43.0345
-80.5307
-80.143
36.1672
61.3379
-93.5914
9.28932
-74.2758
46.2691
45.3576
-74.2765
34.4685
-87.3193
24.0187
81.7996
6.2401
77.3575
-52.0727
14.02
34.2368
17.9788
-30.4124
58.231
88.4299
41.7593
48.7777
6.47842
82.718
41.4525
92.3602
97.9923
-43.8998
-23.5355
39.0102
43.9535
-73.973
-64.2007
-20.7088
-52.9844
91.9691
-75.8871
-34.7326
49.7648
-2.51096
-1.72633
-14.5007
85.9229
-94.159
69.7685
-0.247025
48.1933
-15.4632
-89.5686
20.841
74.6088
-49.2756
25.0667
95.7809
-10.6841
32.9788
74.6635
68.4899
-90.9765
-41.6277
-36.044
9.28773
98.8156
-6.95406
-76.8611
-5.1601
74.1529
87.2062
75.2192
9.13008
49.3376
16.2427
-8.91553
-43.3504
9.1838
-47.8516
-42.206
43.0263
-57.3824
-26.1445
-10.9127
-10.5026
82.4406
-20.4871
72.8667
71.2361
65.0973
89.9414
45.3228
-60.2227
37.0383
-97.7025
-85.7882
-42.2844
-73.9137
-68.3781
-31.4681
-85.1515
59.5649
-92.2591
0.760307
-21.4948
-63.2555
65.3745
-51.237
60.1615
-66.6269
1.82866
-65.6468
74.5594
-80.6833
-44.6282
-66.5644
51.9615
-83.0791
89.9651
43.638
23.967
14.3061
42.1116
-30.0073
66.5446
14.7839
72.5222
79.8105
-24.9054
14.2967
84.5809
-48.9146
91.4984
13.1985
27.0141
25.5163
51.6505
89.5026
70.6649
65.5373
84.9822
96.5782
-9.66555
-48.8389
-34.832
-21.9289
41.6324
-85.0944
18.0807
82.653
-50.8566
52.6522
-74.4948
-33.782
25.2268
-12.9154
-69.6334
70.9961
30.8888
-51.8709
5.76496
91.6356
-81.1203
11.8598
-73.0227
-93.1543
-44.7334
-33.4142
7.06145
81.8035
70.7826
43.1888
73.8984
9.92796
59.0903
-69.4034
-62.8714
-80.2219
-89.9704
67.1336
-86.2897
-70.5844
87.7343
-49.2664
-20.2279
29.5467
-9.15916
61.8666
-8.80118
78.5178
49.3612
13.0036
-48.1305
70.7004
61.0817
0.355888
-18.6715
-11.3369
60.9851
-23.1321
19.3241
-19.2834
-96.8108
-99.8798
-80.1612
-69.7907
28.2785
76.427
-92.048
-50.4414
31.0062
-79.233
-68.426
-35.7841
-23.6389
-99.3971
33.6831
-88.2285
-57.0737
-38.4638
-61.5781
57.1352
71.2456
24.8695
-18.7288
25.7333
98.7605
67.0831
66.5027
-88.766
-90.6354
90.4928
-86.7847
10.043
-7.68224
84.7197
83.5484
-1.34491
-3.92795
-17.0393
20.7667
25.9069
17.7035
-57.4527
-7.95758
56.9265
-36.5754
77.9196
-4.40531
-40.1056
-53.9908
-22.6087
15.4745
79.2641
-7.93198
87.1905
11.1732
-12.7663
36.9773
78.0919
90.0287
-88.3788
17.922
14.3307
55.6538
-25.897
-50.4728
-95.7053
80.2401
-4.3676
-6.20251
-45.6099
34.9467
-50.1703
-12.1279
-33.468
-96.4835
2.00768
-56.9384
35.8384
-64.3402
34.6174
14.6019
13.6718
-17.7696
-53.4268
55.3859
70.278
-38.3399
20.7417
6.1224
99.0533
-11.2404
83.1864
-85.94
5.75572
-63.5692
-6.99693
2.71532
36.2111
-0.239441
-24.3574
24.8016
40.8612
-45.2207
-24.0368
13.4901
-72.1761
-63.8508
59.5664
-67.088
52.5945
-43.6576
47.2988
-48.6366
-34.7019
-34.9439
98.0755
-45.0709
93.6451
93.941
66.2525
-93.8821
-75.7425
-4.72787
-61.3173
40.6142
2.54449
-34.617
-7.68963
-39.4973
-31.6098
-66.7767
84.6382
-85.5246
-11.855
-47.4238
-51.5368
21.7124
-79.7248
65.3534
-5.46628
-71.6677
80.8852
38.2077
-43.5793
-37.173
32.9422
59.4216
98.811
-83.2017
29.3917
-14.4511
-78.8924
55.6725
87.2423
81.6611
77.7199
38.9385
39.0151
-73.9902
47.1206
-44.6396
-57.5356
-1.60698
-8.54596
-31.904
-9.72209
0.861465
78.6258
64.1553
58.3938
25.1907
-19.409
-6.37268
94.4
-18.9744
96.94
70.1633
34.9645
48.0566
87.9044
9.57638
-49.7465
-89.3038
70.4403
89.7571
-52.758
95.8804
61.2789
-86.2646
-49.1454
13.4729
39.4864
47.266
-0.592819
36.4817
-51.4128
-94.2084
38.9572
-46.7625
62.9735
-3.67756
-8.76297
-79.1673
34.5567
-4.84064
43.3865
-2.46487
-27.1208
-19.7646
15.9607
52.268
67.7707
22.4688
32.6296
5.25121
57.0434
-71.4147
-67.4741
-37.1498
23.0397
28.9338
90.4905
73.9739
79.5732
-12.7677
12.9582
-11.3799
-62.7052
-85.6337
-44.7297
28.5878
75.7267
-61.713
-11.1423
-68.203
-87.6357
-93.2135
-38.8497
52.5829
-38.8112
99.9364
30.4124
-59.2015
0.884338
63.1807
78.606
-69.6159
-33.6571
-74.9849
-71.5851
69.2534
-58.0193
69.2779
-46.6403
-83.6564
-12.9687
34.9579
-62.1152
30.4607
-46.5442
-67.6536
-53.7049
-18.0257
42.6946
-31.3774
40.3754
-10.6173
-45.0094
-73.415
-85.7043
-32.1135
67.8295
9.78561
66.6021
-18.7801
-36.3241
-99.2204
3.17508
-36.4984
-27.8791
36.7007
29.515
58.1547
5.39217
26.1543
-25.4113
-87.1188
-6.09543
-45.8439
-98.5238
-90.1887
-2.22054
79.4283
-47.8689
66.6327
95.3091
60.0581
-3.54241
62.6607
-61.5279
-99.5986
46.9971
80.399
65.3056
-9.29075
50.4179
-26.0625
-32.6218
-74.7856
77.8849
12.1357
-34.8267
66.9975
26.5963
4.81849
-15.6603
-2.88862
51.0021
-7.60052
57.9642
3.69964
-20.2123
91.0898
-53.0474
31.6447
53.0375
0.61113
71.2417
-40.6028
-11.2493
-66.1501
15.2168
-50.5181
-58.4664
-45.2074
-1.31085
-31.5198
46.3251
-14.9365
-37.2844
-38.9798
67.1006
-39.999
-63.8653
15.6733
20.8201
-76.061
42.2813
21.8793
-73.7601
-86.077
-96.1157
-15.8196
-79.7871
18.4043
-78.4618
93.1716
-64.5624
99.3246
-51.8528
-89.5733
-57.9627
20.62
-39.2648
76.8884
62.4674
89.2688
-59.2619
-14.1707
32.9795
86.2543
75.9541
-39.4943
19.2177
-7.76535
87.8427
-28.1078
-8.30837
-38.8841
75.0188
40.7296
-57.1467
-65.1032
10.4258
26.0191
-97.771
-36.6777
-42.3367
47.7626
-54.4979
54.5221
-46.5867
17.0257
-49.6958
-37.7479
-28.983
82.4438
33.496
-32.0858
-65.4935
50.2472
-94.7618
-61.7936
34.7221
-25.6907
17.1864
51.9308
1.64529
52.4542
-1.8068
33.1214
71.8224
-80.3815
27.7325
99.7695
26.2978
-12.238
-83.3681
32.2238
-14.5468
-87.8609
-77.4274
78.2895
11.5899
-9.24897
-47.4644
65.6798
80.9219
54.1195
-14.2658
34.8678
22.3742
42.7042
-70.1025
-13.0394
46.015
-25.2009
47.9395
-81.3353
-2.52505
-38.4959
-0.897888
-90.7684
55.1299
-30.9115
71.2808
16.8279
26.0303
92.1249
-56.4013
62.959
-48.8965
-3.35619
-7.36448
25.1633
-81.0301
-73.4232
-23.198
-87.9756
-6.47086
44.268
11.7752
-93.7655
83.8582
5.43368
-76.0827
78.7057
7.6236
-70.1237
30.3145
95.3169
-8.61229
53.1577
22.2093
71.1458
-52.2479
69.7274
-92.1231
86.8005
56.1178
-28.911
92.1986
-18.132
56.1083
11.7284
-80.2436
-53.7025
22.122
5.24025
72.8044
23.8221
-21.2428
-28.1754
56.0573
-45.4797
22.5891
55.4471
98.7427
-31.2925
67.2524
-88.3115
-51.7249
59.2269
25.6121
62.2766
82.306
-83.175
77.7064
12.052
-41.4632
-72.2806
-20.2039
33.1478
-84.3473
-25.031
-96.688
-34.7092
43.2246
75.635
-2.00043
-21.2285
12.9096
-27.6092
-28.0137
-27.0171
-76.0182
-38.6898
-59.5257
-48.2362
94.0331
15.1802
-66.0777
31.4205
84.9913
48.5131
-40.2768
68.402
31.909
95.0045
-59.8916
1.44907
-45.3978
-0.361206
-70.7291
55.1829
59.4194
62.6751
-19.4771
48.498
-93.8402
28.219
77.3174
72.8403
27.4904
30.3549
-25.1007
-66.7771
76.7367
-86.0755
-70.9883
99.403
66.6604
-39.4821
24.0307
83.5352
-23.1176
62.3846
97.1878
35.4384
13.8073
58.8242
58.0755
74.1064
-93.6071
-55.2905
-67.0493
-98.3741
27.2678
89.9421
56.4237
-87.024
-12.3727
51.6446
-8.73866
-70.5745
54.1699
33.3363
82.5539
83.2522
18.9116
47.923
42.0072
15.5868
-33.2723
-7.8713
-92.9506
-20.7312
-29.8679
10.8584
96.4594
-7.02542
-76.2131
86.4959
-63.4469
47.7396
-40.078
8.62124
97.1258
-7.29379
13.372
-56.1889
33.3189
-9.78918
73.329
39.9485
14.3552
67.7278
-98.2757
80.9514
-48.9593
-59.1757
34.7109
-13.0696
-60.5373
-50.6931
0.186775
-60.7439
77.3541
90.92
92.7712
5.06994
10.4179
93.0303
-40.4822
15.4454
-8.83836
53.7576
-96.5756
53.5856
12.5984
-59.2209
74.7392
-58.4494
40.2563
-13.1034
-29.6349
-73.5731
56.9413
11.4532
94.5788
-13.8975
24.6853
85.637
-99.4511
-74.7752
52.5523
46.1839
13.6329
-71.0883
19.2475
92.1471
-83.3246
-35.9105
52.3283
81.5125
-19.3708
34.4082
98.1891
64.5382
93.0312
-25.3804
30.7614
7.19135
65.0521
-68.9143
-42.7685
-10.1102
78.1368
45.0839
-75.0374
45.865
52.7281
1.09696
36.7714
16.5122
-79.0537
-55.5697
40.5226
63.525
64.4185
81.4852
-78.1495
-58.1177
16.4442
-22.7351
90.6809
74.7007
94.1768
29.0344
-18.5395
7.4028
18.8499
9.92575
21.9338
41.7936
25.3009
32.4118
-55.7068
-63.4995
-35.3096
-48.7142
60.118
2.74084
65.309
48.3786
99.7636
-72.6854
-23.2597
73.88
-99.4547
65.0948
47.726
-69.5065
4.66938
78.2267
-44.1811
48.3607
-0.94426
-70.1965
6.80877
35.0511
-95.3574
-72.346
80.6639
-81.2039
6.44576
-66.0983
85.5968
24.7466
-83.8587
-13.6561
82.4824
82.3427
-65.4522
-55.1359
-68.8356
79.6093
-6.65925
78.0383
-10.5657
21.5716
-46.5926
-81.92
-29.3362
-53.5943
40.8591
-80.6319
20.087
1.64928
-80.563
-22.4932
-43.168
74.8415
61.2966
11.8246
-64.1781
-42.1364
13.981
-20.7489
73.1042
62.4152
12.1504
11.4378
35.0392
-96.3355
89.8696
38.2321
-33.1316
-43.1041
-50.4195
-1.32978
50.3633
56.1579
46.6533
-97.4667
77.6746
76.8458
-53.1054
57.7611
-9.47548
-54.3826
-8.30434
28.8891
-60.351
80.5777
69.5357
86.0659
-90.6043
13.5776
-0.868774
-1.52173
24.265
22.3528
83.5177
82.0333
-65.9384
-26.5995
-57.9016
47.4585
34.2303
-91.3869
60.5361
29.4586
-88.5136
-47.6163
-86.8921
5.01144
27.1645
-46.5226
93.8323
39.9614
31.7169
66.7179
-71.6623
-28.9346
95.5253
94.3062
4.83707
96.712
38.542
-24.8942
3.38491
90.1575
77.9117
62.1457
82.7613
-31.4606
42.2618
94.7559
-37.6138
24.908
29.1302
-7.70205
-48.2736
66.3536
5.64846
-66.281
15.6502
32.8905
-9.60592
-46.7239
-89.2097
52.5831
-36.0657
43.3924
96.7594
35.2648
95.6312
74.0633
-18.1427
76.1268
63.5221
15.283
60.9437
80.5167
44.6241
-2.82574
-92.2987
-64.8286
26.2352
-64.5183
40.0951
78.7177
7.53568
52.2139
-40.6986
-20.9033
78.0398
15.2378
-98.3409
-15.8453
87.565
-95.7545
54.843
-53.0412
-63.6604
60.337
84.1272
-74.2135
93.2855
49.5781
59.0899
-75.6927
33.362
-84.6588
-61.2164
-64.6184
-41.8918
-75.638
-47.9522
68.1419
60.5609
47.2772
-12.1558
98.1144
9.0508
-83.2521
-17.7142
77.3586
-34.3929
-42.1166
-53.3404
-91.3732
90.7769
87.0329
-37.782
-2.84528
-20.6415
77.7303
13.9111
3.03701
43.0771
-3.61005
-74.0662
-30.7987
-34.5312
34.1561
61.9821
-67.5861
80.1075
-33.4271
-9.79472
-19.8455
56.2731
-18.1266
-53.8227
1.2095
-71.9536
75.4757
-79.4029
75.1402
81.0657
70.5298
-6.4859
-8.45175
-48.6341
5.89661
-95.8217
-74.8761
-43.3765
-29.5875
-77.1758
-94.5053
48.9502
-93.5669
21.2005
-82.6405
61.1026
-47.8191
-95.2508
-80.804
-72.7144
88.7051
66.7945
14.9849
51.8983
54.8889
-82.6557
5.9004
-32.0149
-73.597
55.6942
53.208
67.5573
35.949
-5.70271
-45.3032
-11.062
81.6015
76.84
49.9791
-0.977051
-21.3013
-10.6962
28.4413
13.493
-23.2425
-36.9842
6.28291
-3.00313
-73.5303
-23.241
-10.9428
85.1192
-1.85406
38.9187
-93.5352
-46.1462
21.3752
52.6049
-70.2205
3.60675
18.6665
-72.5884
6.69751
-34.98
91.8512
-56.9102
-90.1278
21.6423
-57.7436
-97.2877
85.9212
77.3953
-17.4762
76.6489
38.4238
-11.2643
81.3728
32.4789
72.9089
-19.9922
-9.7329
19.13
-81.43
6.33181
18.8705
-43.1689
60.7008
-1.17903
-15.8716
46.7635
-45.9809
-1.47682
-20.9615
-99.6662
-90.3309
9.02599
99.8842
-46.4619
-84.5228
24.9803
43.7499
-95.4409
-75.8112
40.4976
43.2724
79.8086
-57.5007
-14.2834
-60.465
-34.9841
22.508
91.9793
95.5965
89.7434
-82.0206
80.5296
61.2126
0.230881
80.5088
-89.3477
-66.6832
55.7959
-37.7868
-83.3348
-7.86991
-69.6452
72.4943
11.6606
-20.7788
-29.261
9.63963
13.2451
9.84978
-54.6096
-23.7548
-47.5917
-73.306
-54.2666
-58.4631
11.4289
85.0468
-18.0452
-86.1303
8.45379
82.7634
4.08993
-60.4893
-43.6286
-65.2545
66.8073
29.3382
87.7626
26.8163
-97.6525
-45.341
-46.4442
12.5787
9.87867
30.7489
-2.59291
20.9485
81.5453
-67.8247
70.6444
-79.0609
23.5552
91.9998
41.5658
-3.40902
-95.3897
-15.1986
-43.3972
22.438
-84.0047
-67.2197
38.5147
-83.9233
-98.3502
29.0423
-86.1658
11.2439
-23.8516
-73.4729
-59.566
73.6793
-71.4694
14.4599
27.8423
-54.7961
42.1286
55.9197
41.789
-51.4961
-95.2882
91.5087
-13.784
-67.1034
-7.62598
30.1169
-25.1799
1.39709
80.8679
-52.7219
-97.7779
46.185
31.5882
-97.0947
-71.0224
-72.7202
-8.72849
-99.7452
-17.9132
-67.0541
22.4434
6.85004
-71.3447
-90.421
93.7282
89.9555
82.4445
45.3749
15.9691
-7.7355
-10.5825
-60.6489
74.4594
39.0406
-44.8234
53.2712
-71.1917
81.0985
22.6238
37.3955
-93.3292
15.8921
98.5719
98.2676
-15.9235
-25.4275
40.9102
-23.1561
15.8466
-65.7983
-71.3492
34.6791
50.7881
-4.09895
-91.048
-43.6406
-67.2359
-34.1216
-81.6959
-63.112
76.5067
47.4586
36.6126
-51.2842
66.7961
42.5588
85.8335
3.56003
33.4891
51.4312
4.99043
73.9949
31.8647
-49.6949
-22.4317
-9.53162
2.05936
11.8042
-6.60215
37.6341
-83.4388
43.4891
-78.7274
28.7195
87.875
-84.9735
51.1132
59.2656
76.874
21.4716
72.4661
-62.8272
64.047
37.9913
-80.1785
40.4959
15.0521
-19.1479
-19.1715
-14.929
87.4304
41.9819
-10.9691
41.5832
88.6163
-25.9007
86.1884
-31.0248
-33.6324
-59.8853
-91.4549
-82.3048
-97.1323
97.6761
42.0597
96.9252
21.2034
-34.6915
-59.4845
43.7479
70.6474
-29.0473
2.63654
-87.7492
-0.631149
-7.65506
-58.6054
18.7168
-26.3106
-1.81011
-22.5225
64.4563
-83.1013
-82.9755
31.265
70.2749
-90.0503
-75.7321
-29.3624
-94.0984
89.0686
-23.9495
80.8717
10.7984
89.2182
90.101
-72.2111
-51.6424
45.5257
-49.2061
-6.91344
5.74383
-63.4312
-87.4927
-90.3976
87.7922
-77.1812
14.9013
46.4373
72.5866
-37.5365
-76.5204
-79.0628
-8.06961
-25.8945
-8.42011
83.1379
98.7573
14.5213
58.7175
65.8901
15.0786
25.7264
-16.6801
58.4005
-63.1207
-69.9419
86.0593
-1.29733
-4.28275
19.6962
34.4724
-22.434
-48.7949
-96.7162
91.0238
37.416
50.9575
42.1152
30.0585
-7.23898
-65.4893
-79.4454
-38.1958
43.0578
72.3172
35.5099
15.1409
72.5361
-85.0572
43.7864
-81.6454
-14.3157
-3.14073
13.7087
2.83019
-32.9782
-64.9854
-8.86104
72.5179
8.3808
56.0097
-44.3579
76.5569
91.0629
94.7966
46.3952
-35.4838
23.0795
96.5278
-57.2582
61.3203
11.0164
-47.7561
-37.0725
-77.3901
-95.0375
-94.6379
20.1098
-14.101
3.9139
-19.1105
10.629
41.3433
56.6759
-48.0621
21.053
37.6417
44.1545
-95.9508
-45.1596
1.82021
-7.85348
6.64124
19.4913
-9.2553
46.1784
-80.2459
-93.1646
-17.7133
92.0847
67.1092
-95.1423
-57.2521
-36.5393
84.3819
6.18279
-85.9308
-38.7281
97.5115
75.2393
-52.2433
-52.5677
93.9602
-10.1975
9.81757
3.88234
50.376
69.0446
32.3362
74.0234
-88.3569
-14.9759
99.5138
-72.2243
-74.539
23.0118
-39.9033
-54.4007
88.2689
-64.8496
72.4285
-93.3069
-9.70535
82.2038
-0.966011
-35.7224
13.3362
-58.1588
-74.5788
-46.509
-76.758
-71.7774
37.1633
2.84493
14.7076
-9.68131
86.1337
48.433
12.8035
-11.245
4.8382
-84.4296
-8.00371
81.6902
-33.2572
46.0928
81.9671
20.8529
75.183
1.15894
78.2639
-18.6382
-51.9237
-80.994
-65.9122
13.4538
-82.6877
67.9095
-44.802
12.0711
78.7057
7.09454
37.9218
-48.6053
90.568
-23.6775
51.5168
41.9932
-20.109
27.3151
84.4876
-16.8636
-25.7462
82.8604
34.0143
78.1921
-25.865
86.4099
91.331
0.858437
27.7622
0.0701752
-20.5951
57.9834
-73.6849
-22.1246
-48.5608
39.2307
-50.4016
-98.9674
54.9629
-38.9454
44.12
-74.5699
-96.9126
-10.8603
70.5932
59.2449
-71.0723
88.1787
19.9309
-22.1222
-8.34731
-93.3063
0.864944
-62.8595
-80.4179
17.1458
-31.2329
68.1183
63.8798
28.1776
-19.0323
-75.5521
-4.93089
-73.403
-83.496
83.4112
91.418
61.5141
67.1617
-14.0747
46.0161
-7.30359
48.5534
36.9155
38.5966
93.6226
-85.0306
90.8599
82.9645
-15.8906
-73.0047
9.37867
27.39
-56.3216
3.10103
-80.974
69.5056
-18.9447
-3.15225
20.0734
-26.2014
33.5032
88.6407
-16.1887
-84.2947
58.7132
-7.49619
11.5467
65.7412
-87.2371
6.56872
0.38092
2.10075
-92.6178
-27.8356
11711.5